  time =  0.
  0.000000000e+00  0.0000e+00
  0.833333333e-02  0.0000e+00
  0.166666667e-01  0.0000e+00
  0.250000000e-01  0.0000e+00
  0.333333333e-01  0.0000e+00
  0.416666667e-01  0.0000e+00
  0.500000000e-01  0.0000e+00
  0.583333333e-01  0.0000e+00
  0.666666667e-01  0.0000e+00
  0.750000000e-01  0.0000e+00
  0.833333333e-01  0.0000e+00
  0.916666667e-01  0.0000e+00
  0.100000000e+00  0.0000e+00
  0.112500000e+00 -0.1250e+00
  0.125000000e+00 -0.2500e+00
  0.137500000e+00 -0.3750e+00
  0.150000000e+00 -0.5000e+00
  0.162500000e+00 -0.6250e+00
  0.175000000e+00 -0.7500e+00
  0.187500000e+00 -0.8750e+00
  0.200000000e+00 -0.1000e+01
  0.212500000e+00 -0.1000e+01
  0.225000000e+00 -0.1000e+01
  0.237500000e+00 -0.1000e+01
  0.250000000e+00 -0.1000e+01
  0.100000000e+01 -0.1000e+01
  time =    2.5000000000000d-02
  0.507063434e-14  0.2008e-13
  0.362222873e-01 -0.9045e-02
  0.678203592e-01 -0.1836e-01
  0.955695487e-01 -0.2793e-01
  0.120182150e+00 -0.3780e-01
  0.142190538e+00 -0.4802e-01
  0.161985329e+00 -0.5865e-01
  0.179865986e+00 -0.6974e-01
  0.196075143e+00 -0.8136e-01
  0.210817272e+00 -0.9360e-01
  0.224267388e+00 -0.1066e+00
  0.236574997e+00 -0.1204e+00
  0.247866279e+00 -0.1354e+00
  0.258245737e+00 -0.1517e+00
  0.267797804e+00 -0.1697e+00
  0.276588773e+00 -0.1900e+00
  0.284669581e+00 -0.2130e+00
  0.292080432e+00 -0.2401e+00
  0.298859527e+00 -0.2728e+00
  0.305063907e+00 -0.3142e+00
  0.310846935e+00 -0.3716e+00
  0.316313042e+00 -0.4596e+00
  0.321356439e+00 -0.5960e+00
  0.327609494e+00 -0.8339e+00
  0.333494173e+00 -0.9982e+00
  0.100000000e+01 -0.1000e+01
  time =    5.0000000000000d-02
  0.301264881e-14  0.1539e-13
  0.456959542e-01 -0.8836e-02
  0.857334846e-01 -0.1794e-01
  0.121059266e+00 -0.2730e-01
  0.152424521e+00 -0.3692e-01
  0.180410713e+00 -0.4683e-01
  0.205482023e+00 -0.5702e-01
  0.228022198e+00 -0.6754e-01
  0.248355923e+00 -0.7840e-01
  0.266761210e+00 -0.8967e-01
  0.283477374e+00 -0.1014e+00
  0.298710830e+00 -0.1137e+00
  0.312639592e+00 -0.1267e+00
  0.325416831e+00 -0.1405e+00
  0.337173720e+00 -0.1553e+00
  0.348021784e+00 -0.1713e+00
  0.358055037e+00 -0.1890e+00
  0.367352332e+00 -0.2087e+00
  0.375980631e+00 -0.2312e+00
  0.384000733e+00 -0.2575e+00
  0.391479567e+00 -0.2895e+00
  0.398523160e+00 -0.3305e+00
  0.405398139e+00 -0.3890e+00
  0.413342239e+00 -0.4986e+00
  0.432572514e+00 -0.9946e+00
  0.100000000e+01 -0.1000e+01
  time =   0.10000000000000
  0.173298732e-14  0.1180e-13
  0.625442176e-01 -0.9013e-02
  0.117426844e+00 -0.1834e-01
  0.165886604e+00 -0.2798e-01
  0.208881057e+00 -0.3792e-01
  0.247168786e+00 -0.4816e-01
  0.281368631e+00 -0.5872e-01
  0.311997234e+00 -0.6960e-01
  0.339493449e+00 -0.8084e-01
  0.364235203e+00 -0.9245e-01
  0.386551633e+00 -0.1045e+00
  0.406731950e+00 -0.1171e+00
  0.425031911e+00 -0.1302e+00
  0.441678517e+00 -0.1441e+00
  0.456873435e+00 -0.1588e+00
  0.470795510e+00 -0.1746e+00
  0.483602805e+00 -0.1919e+00
  0.495434665e+00 -0.2110e+00
  0.506414760e+00 -0.2326e+00
  0.516657053e+00 -0.2577e+00
  0.526279833e+00 -0.2879e+00
  0.535444974e+00 -0.3265e+00
  0.544503303e+00 -0.3811e+00
  0.555028941e+00 -0.4819e+00
  0.582438921e+00 -0.9884e+00
  0.100000000e+01 -0.1000e+01
  time =   0.15000000000000
  0.125575735e-14  0.1029e-13
  0.784687345e-01 -0.9437e-02
  0.147072132e+00 -0.1924e-01
  0.207392387e+00 -0.2940e-01
  0.260647330e+00 -0.3989e-01
  0.307806698e+00 -0.5071e-01
  0.349666190e+00 -0.6187e-01
  0.386894288e+00 -0.7336e-01
  0.420062978e+00 -0.8520e-01
  0.449668632e+00 -0.9742e-01
  0.476146553e+00 -0.1100e+00
  0.499881329e+00 -0.1231e+00
  0.521214380e+00 -0.1368e+00
  0.540449589e+00 -0.1511e+00
  0.557857579e+00 -0.1663e+00
  0.573679061e+00 -0.1825e+00
  0.588127630e+00 -0.2000e+00
  0.601392606e+00 -0.2193e+00
  0.613642951e+00 -0.2410e+00
  0.625034532e+00 -0.2661e+00
  0.635726697e+00 -0.2962e+00
  0.645927833e+00 -0.3344e+00
  0.656061478e+00 -0.3882e+00
  0.667906001e+00 -0.4863e+00
  0.700062403e+00 -0.9821e+00
  0.100000000e+01 -0.1000e+01
  time =   0.20000000000000
  0.100789804e-14  0.9399e-14
  0.932703308e-01 -0.9839e-02
  0.174369512e+00 -0.2007e-01
  0.245273468e+00 -0.3068e-01
  0.307501576e+00 -0.4164e-01
  0.362267232e+00 -0.5293e-01
  0.410569477e+00 -0.6455e-01
  0.453249997e+00 -0.7650e-01
  0.491029916e+00 -0.8878e-01
  0.524534421e+00 -0.1014e+00
  0.554309915e+00 -0.1144e+00
  0.580836515e+00 -0.1279e+00
  0.604537540e+00 -0.1419e+00
  0.625786971e+00 -0.1565e+00
  0.644915443e+00 -0.1719e+00
  0.662215177e+00 -0.1883e+00
  0.677944245e+00 -0.2060e+00
  0.692330776e+00 -0.2255e+00
  0.705578214e+00 -0.2472e+00
  0.717874135e+00 -0.2723e+00
  0.729409193e+00 -0.3023e+00
  0.740427754e+00 -0.3402e+00
  0.751409163e+00 -0.3934e+00
  0.764274857e+00 -0.4892e+00
  0.800297354e+00 -0.9755e+00
  0.100000000e+01 -0.1000e+01
