Heat Equation           
-                       
-                       
-                       
     1
u                       
    81   208   128
     1    11
    11    10
    10     1
     1     2
     2    11
     2    12
    12    11
     2     3
     3    12
     3    13
    13    12
     3     4
     4    13
     4    14
    14    13
     4     5
     5    14
     5    15
    15    14
     5     6
     6    15
     6    16
    16    15
     6     7
     7    16
     7    17
    17    16
     7     8
     8    17
     8    18
    18    17
     8     9
     9    18
    19    29
    29    28
    28    19
    19    20
    20    29
    20    30
    30    29
    20    21
    21    30
    21    31
    31    30
    21    22
    22    31
    22    32
    32    31
    22    23
    23    32
    23    33
    33    32
    23    24
    24    33
    24    34
    34    33
    24    25
    25    34
    25    35
    35    34
    25    26
    26    35
    26    36
    36    35
    26    27
    27    36
    37    47
    47    46
    46    37
    37    38
    38    47
    38    48
    48    47
    38    39
    39    48
    39    49
    49    48
    39    40
    40    49
    40    50
    50    49
    40    41
    41    50
    41    51
    51    50
    41    42
    42    51
    42    52
    52    51
    42    43
    43    52
    43    53
    53    52
    43    44
    44    53
    44    54
    54    53
    44    45
    45    54
    55    65
    65    64
    64    55
    55    56
    56    65
    56    66
    66    65
    56    57
    57    66
    57    67
    67    66
    57    58
    58    67
    58    68
    68    67
    58    59
    59    68
    59    69
    69    68
    59    60
    60    69
    60    70
    70    69
    60    61
    61    70
    61    71
    71    70
    61    62
    62    71
    62    72
    72    71
    62    63
    63    72
    10    20
    19    10
    11    20
    11    21
    12    21
    12    22
    13    22
    13    23
    14    23
    14    24
    15    24
    15    25
    16    25
    16    26
    17    26
    17    27
    18    27
    28    38
    37    28
    29    38
    29    39
    30    39
    30    40
    31    40
    31    41
    32    41
    32    42
    33    42
    33    43
    34    43
    34    44
    35    44
    35    45
    36    45
    46    56
    55    46
    47    56
    47    57
    48    57
    48    58
    49    58
    49    59
    50    59
    50    60
    51    60
    51    61
    52    61
    52    62
    53    62
    53    63
    54    63
    64    74
    74    73
    73    64
    65    74
    65    75
    75    74
    66    75
    66    76
    76    75
    67    76
    67    77
    77    76
    68    77
    68    78
    78    77
    69    78
    69    79
    79    78
    70    79
    70    80
    80    79
    71    80
    71    81
    81    80
    72    81
     1    11    10
    11     1     2
     2    12    11
    12     2     3
     3    13    12
    13     3     4
     4    14    13
    14     4     5
     5    15    14
    15     5     6
     6    16    15
    16     6     7
     7    17    16
    17     7     8
     8    18    17
    18     8     9
    19    29    28
    29    19    20
    20    30    29
    30    20    21
    21    31    30
    31    21    22
    22    32    31
    32    22    23
    23    33    32
    33    23    24
    24    34    33
    34    24    25
    25    35    34
    35    25    26
    26    36    35
    36    26    27
    37    47    46
    47    37    38
    38    48    47
    48    38    39
    39    49    48
    49    39    40
    40    50    49
    50    40    41
    41    51    50
    51    41    42
    42    52    51
    52    42    43
    43    53    52
    53    43    44
    44    54    53
    54    44    45
    55    65    64
    65    55    56
    56    66    65
    66    56    57
    57    67    66
    67    57    58
    58    68    67
    68    58    59
    59    69    68
    69    59    60
    60    70    69
    70    60    61
    61    71    70
    71    61    62
    62    72    71
    72    62    63
    10    20    19
    20    10    11
    11    21    20
    21    11    12
    12    22    21
    22    12    13
    13    23    22
    23    13    14
    14    24    23
    24    14    15
    15    25    24
    25    15    16
    16    26    25
    26    16    17
    17    27    26
    27    17    18
    28    38    37
    38    28    29
    29    39    38
    39    29    30
    30    40    39
    40    30    31
    31    41    40
    41    31    32
    32    42    41
    42    32    33
    33    43    42
    43    33    34
    34    44    43
    44    34    35
    35    45    44
    45    35    36
    46    56    55
    56    46    47
    47    57    56
    57    47    48
    48    58    57
    58    48    49
    49    59    58
    59    49    50
    50    60    59
    60    50    51
    51    61    60
    61    51    52
    52    62    61
    62    52    53
    53    63    62
    63    53    54
    64    74    73
    74    64    65
    65    75    74
    75    65    66
    66    76    75
    76    66    67
    67    77    76
    77    67    68
    68    78    77
    78    68    69
    69    79    78
    79    69    70
    70    80    79
    80    70    71
    71    81    80
    81    71    72
  0.000000000E+00
STEP  =   0             
CPU   =   0.00(SEC)     
H     = 0.000E+00       
NRE:NJE =    0:000      
  0.000000000E+000  0.000000000E+000  0.0000E+000
  0.125000000E+000  0.000000000E+000  0.0000E+000
  0.250000000E+000  0.000000000E+000  0.0000E+000
  0.375000000E+000  0.000000000E+000  0.0000E+000
  0.500000000E+000  0.000000000E+000  0.0000E+000
  0.625000000E+000  0.000000000E+000  0.0000E+000
  0.750000000E+000  0.000000000E+000  0.0000E+000
  0.875000000E+000  0.000000000E+000  0.0000E+000
  0.100000000E+001  0.000000000E+000  0.0000E+000
  0.000000000E+000  0.125000000E+000  0.1250E-001
  0.125000000E+000  0.125000000E+000  0.1250E-001
  0.250000000E+000  0.125000000E+000  0.1250E-001
  0.375000000E+000  0.125000000E+000  0.1250E-001
  0.500000000E+000  0.125000000E+000  0.1250E-001
  0.625000000E+000  0.125000000E+000  0.1250E-001
  0.750000000E+000  0.125000000E+000  0.1250E-001
  0.875000000E+000  0.125000000E+000  0.1250E-001
  0.100000000E+001  0.125000000E+000  0.1250E-001
  0.000000000E+000  0.250000000E+000  0.2500E-001
  0.125000000E+000  0.250000000E+000  0.2500E-001
  0.250000000E+000  0.250000000E+000  0.2500E-001
  0.375000000E+000  0.250000000E+000  0.2500E-001
  0.500000000E+000  0.250000000E+000  0.2500E-001
  0.625000000E+000  0.250000000E+000  0.2500E-001
  0.750000000E+000  0.250000000E+000  0.2500E-001
  0.875000000E+000  0.250000000E+000  0.2500E-001
  0.100000000E+001  0.250000000E+000  0.2500E-001
  0.000000000E+000  0.375000000E+000  0.3750E-001
  0.125000000E+000  0.375000000E+000  0.3750E-001
  0.250000000E+000  0.375000000E+000  0.3750E-001
  0.375000000E+000  0.375000000E+000  0.3750E-001
  0.500000000E+000  0.375000000E+000  0.3750E-001
  0.625000000E+000  0.375000000E+000  0.3750E-001
  0.750000000E+000  0.375000000E+000  0.3750E-001
  0.875000000E+000  0.375000000E+000  0.3750E-001
  0.100000000E+001  0.375000000E+000  0.3750E-001
  0.000000000E+000  0.500000000E+000  0.5000E-001
  0.125000000E+000  0.500000000E+000  0.5000E-001
  0.250000000E+000  0.500000000E+000  0.5000E-001
  0.375000000E+000  0.500000000E+000  0.5000E-001
  0.500000000E+000  0.500000000E+000  0.5000E-001
  0.625000000E+000  0.500000000E+000  0.5000E-001
  0.750000000E+000  0.500000000E+000  0.5000E-001
  0.875000000E+000  0.500000000E+000  0.5000E-001
  0.100000000E+001  0.500000000E+000  0.5000E-001
  0.000000000E+000  0.625000000E+000  0.6250E-001
  0.125000000E+000  0.625000000E+000  0.6250E-001
  0.250000000E+000  0.625000000E+000  0.6250E-001
  0.375000000E+000  0.625000000E+000  0.6250E-001
  0.500000000E+000  0.625000000E+000  0.6250E-001
  0.625000000E+000  0.625000000E+000  0.6250E-001
  0.750000000E+000  0.625000000E+000  0.6250E-001
  0.875000000E+000  0.625000000E+000  0.6250E-001
  0.100000000E+001  0.625000000E+000  0.6250E-001
  0.000000000E+000  0.750000000E+000  0.7500E-001
  0.125000000E+000  0.750000000E+000  0.7500E-001
  0.250000000E+000  0.750000000E+000  0.7500E-001
  0.375000000E+000  0.750000000E+000  0.7500E-001
  0.500000000E+000  0.750000000E+000  0.7500E-001
  0.625000000E+000  0.750000000E+000  0.7500E-001
  0.750000000E+000  0.750000000E+000  0.7500E-001
  0.875000000E+000  0.750000000E+000  0.7500E-001
  0.100000000E+001  0.750000000E+000  0.7500E-001
  0.000000000E+000  0.875000000E+000  0.8750E-001
  0.125000000E+000  0.875000000E+000  0.8750E-001
  0.250000000E+000  0.875000000E+000  0.8750E-001
  0.375000000E+000  0.875000000E+000  0.8750E-001
  0.500000000E+000  0.875000000E+000  0.8750E-001
  0.625000000E+000  0.875000000E+000  0.8750E-001
  0.750000000E+000  0.875000000E+000  0.8750E-001
  0.875000000E+000  0.875000000E+000  0.8750E-001
  0.100000000E+001  0.875000000E+000  0.8750E-001
  0.000000000E+000  0.100000000E+001  0.1000E+000
  0.125000000E+000  0.100000000E+001  0.1000E+000
  0.250000000E+000  0.100000000E+001  0.1000E+000
  0.375000000E+000  0.100000000E+001  0.1000E+000
  0.500000000E+000  0.100000000E+001  0.1000E+000
  0.625000000E+000  0.100000000E+001  0.1000E+000
  0.750000000E+000  0.100000000E+001  0.1000E+000
  0.875000000E+000  0.100000000E+001  0.1000E+000
  0.100000000E+001  0.100000000E+001  0.1000E+000
  0.369137811E-01
STEP  =   4             
CPU   =   0.00(SEC)     
H     = 0.327E-02       
NRE:NJE =    0:059      
  0.000000000E+000  0.000000000E+000  0.0000E+000
  0.125000000E+000  0.000000000E+000  0.0000E+000
  0.250000000E+000  0.000000000E+000  0.0000E+000
  0.375000000E+000  0.000000000E+000  0.0000E+000
  0.500000000E+000  0.000000000E+000  0.0000E+000
  0.625000000E+000  0.000000000E+000  0.0000E+000
  0.750000000E+000  0.000000000E+000  0.0000E+000
  0.875000000E+000  0.000000000E+000  0.0000E+000
  0.100000000E+001  0.000000000E+000  0.0000E+000
  0.000000000E+000  0.111516756E+000  0.2983E-001
  0.129024818E+000  0.874603219E-001  0.2434E-001
  0.251540317E+000  0.798787930E-001  0.2251E-001
  0.374899898E+000  0.764871036E-001  0.2166E-001
  0.498819437E+000  0.741957573E-001  0.2108E-001
  0.622837975E+000  0.716570944E-001  0.2045E-001
  0.746785543E+000  0.676720331E-001  0.1944E-001
  0.870822870E+000  0.599917045E-001  0.1746E-001
  0.100000000E+001  0.416007775E-001  0.1250E-001
  0.000000000E+000  0.224152829E+000  0.5132E-001
  0.136032232E+000  0.197076974E+000  0.4686E-001
  0.258445673E+000  0.183315348E+000  0.4448E-001
  0.379422064E+000  0.175087466E+000  0.4300E-001
  0.501627534E+000  0.169326367E+000  0.4192E-001
  0.625239504E+000  0.163993302E+000  0.4091E-001
  0.749899009E+000  0.157070461E+000  0.3958E-001
  0.875079156E+000  0.145463464E+000  0.3730E-001
  0.100000000E+001  0.121987820E+000  0.3244E-001
  0.000000000E+000  0.364995139E+000  0.7111E-001
  0.131554128E+000  0.345101215E+000  0.6873E-001
  0.257302145E+000  0.328776145E+000  0.6670E-001
  0.380610868E+000  0.316382243E+000  0.6511E-001
  0.503699483E+000  0.306373091E+000  0.6379E-001
  0.627609460E+000  0.297020627E+000  0.6253E-001
  0.752649469E+000  0.286403836E+000  0.6107E-001
  0.878121743E+000  0.272069003E+000  0.5907E-001
  0.100000000E+001  0.250623443E+000  0.5598E-001
  0.000000000E+000  0.556461398E+000  0.9163E-001
  0.125213456E+000  0.541204878E+000  0.9018E-001
  0.250949610E+000  0.525677047E+000  0.8869E-001
  0.375758668E+000  0.512002662E+000  0.8736E-001
  0.499901254E+000  0.499655580E+000  0.8614E-001
  0.624048693E+000  0.487311373E+000  0.8489E-001
  0.748879348E+000  0.473646441E+000  0.8348E-001
  0.874673515E+000  0.458134989E+000  0.8186E-001
  0.100000000E+001  0.442901080E+000  0.8027E-001
  0.000000000E+000  0.749569279E+000  0.1059E+000
  0.121773044E+000  0.727947271E+000  0.1047E+000
  0.247211230E+000  0.713526950E+000  0.1038E+000
  0.372226447E+000  0.702863569E+000  0.1031E+000
  0.496109175E+000  0.693474540E+000  0.1025E+000
  0.619167306E+000  0.683426898E+000  0.1018E+000
  0.742457957E+000  0.670989212E+000  0.1009E+000
  0.868248323E+000  0.654602770E+000  0.9969E-001
  0.100000000E+001  0.634569057E+000  0.9807E-001
  0.000000000E+000  0.878615548E+000  0.1080E+000
  0.124924752E+000  0.855023763E+000  0.1082E+000
  0.250065895E+000  0.843388533E+000  0.1082E+000
  0.374697053E+000  0.836458443E+000  0.1081E+000
  0.498280709E+000  0.831122880E+000  0.1081E+000
  0.620436529E+000  0.825350357E+000  0.1080E+000
  0.741333739E+000  0.817095377E+000  0.1078E+000
  0.863682747E+000  0.803296048E+000  0.1075E+000
  0.100000000E+001  0.776010332E+000  0.1065E+000
  0.000000000E+000  0.958785157E+000  0.1041E+000
  0.129240072E+000  0.940405017E+000  0.1054E+000
  0.253216601E+000  0.932737977E+000  0.1059E+000
  0.377139800E+000  0.928764668E+000  0.1061E+000
  0.501151257E+000  0.926239630E+000  0.1062E+000
  0.625068324E+000  0.923962990E+000  0.1063E+000
  0.748414772E+000  0.920580606E+000  0.1065E+000
  0.870887341E+000  0.912992008E+000  0.1068E+000
  0.100000000E+001  0.888898731E+000  0.1075E+000
  0.000000000E+000  0.100000000E+001  0.1000E+000
  0.125000000E+000  0.100000000E+001  0.1000E+000
  0.250000000E+000  0.100000000E+001  0.1000E+000
  0.375000000E+000  0.100000000E+001  0.1000E+000
  0.500000000E+000  0.100000000E+001  0.1000E+000
  0.625000000E+000  0.100000000E+001  0.1000E+000
  0.750000000E+000  0.100000000E+001  0.1000E+000
  0.875000000E+000  0.100000000E+001  0.1000E+000
  0.100000000E+001  0.100000000E+001  0.1000E+000
  0.151873732E+00
STEP  =   6             
CPU   =   0.00(SEC)     
H     = 0.580E-02       
NRE:NJE =    0:131      
  0.000000000E+000  0.000000000E+000  0.0000E+000
  0.125000000E+000  0.000000000E+000  0.0000E+000
  0.250000000E+000  0.000000000E+000  0.0000E+000
  0.375000000E+000  0.000000000E+000  0.0000E+000
  0.500000000E+000  0.000000000E+000  0.0000E+000
  0.625000000E+000  0.000000000E+000  0.0000E+000
  0.750000000E+000  0.000000000E+000  0.0000E+000
  0.875000000E+000  0.000000000E+000  0.0000E+000
  0.100000000E+001  0.000000000E+000  0.0000E+000
  0.000000000E+000  0.162206791E+000  0.7093E-001
  0.103374471E+000  0.128489247E+000  0.5804E-001
  0.188763058E+000  0.110845829E+000  0.5088E-001
  0.292695673E+000  0.989996837E-001  0.4578E-001
  0.402381802E+000  0.948109060E-001  0.4411E-001
  0.484967720E+000  0.997896263E-001  0.4650E-001
  0.544297787E+000  0.106148090E+000  0.4918E-001
  0.706398332E+000  0.960678864E-001  0.4417E-001
  0.100000000E+001  0.587121812E-001  0.2802E-001
  0.000000000E+000  0.323664416E+000  0.1179E+000
  0.200211762E+000  0.265897842E+000  0.1033E+000
  0.283857662E+000  0.242618486E+000  0.9690E-001
  0.340992751E+000  0.228073473E+000  0.9280E-001
  0.368788626E+000  0.222746998E+000  0.9128E-001
  0.394758442E+000  0.221854573E+000  0.9084E-001
  0.465641424E+000  0.222376177E+000  0.9040E-001
  0.667915034E+000  0.197202743E+000  0.8213E-001
  0.100000000E+001  0.149701064E+000  0.6558E-001
  0.000000000E+000  0.477243087E+000  0.1443E+000
  0.250173720E+000  0.409998959E+000  0.1349E+000
  0.333298644E+000  0.385418694E+000  0.1306E+000
  0.383996670E+000  0.374227624E+000  0.1285E+000
  0.420874038E+000  0.368588289E+000  0.1273E+000
  0.462125481E+000  0.362524523E+000  0.1261E+000
  0.530729830E+000  0.350400713E+000  0.1235E+000
  0.687016692E+000  0.316485152E+000  0.1160E+000
  0.100000000E+001  0.259626875E+000  0.1014E+000
  0.000000000E+000  0.620790007E+000  0.1535E+000
  0.276262398E+000  0.556359776E+000  0.1512E+000
  0.389753242E+000  0.525911856E+000  0.1490E+000
  0.453698274E+000  0.512874058E+000  0.1478E+000
  0.499982889E+000  0.505078427E+000  0.1471E+000
  0.546022989E+000  0.497367981E+000  0.1463E+000
  0.609473999E+000  0.484468264E+000  0.1450E+000
  0.723027898E+000  0.453744608E+000  0.1413E+000
  0.100000000E+001  0.388741771E+000  0.1311E+000
  0.000000000E+000  0.748024847E+000  0.1488E+000
  0.312684729E+000  0.692313046E+000  0.1523E+000
  0.469784266E+000  0.658826109E+000  0.1533E+000
  0.537894529E+000  0.646911106E+000  0.1535E+000
  0.578037192E+000  0.641134971E+000  0.1536E+000
  0.613655988E+000  0.635817155E+000  0.1537E+000
  0.664003011E+000  0.624674985E+000  0.1537E+000
  0.748313512E+000  0.599561800E+000  0.1532E+000
  0.100000000E+001  0.532490481E+000  0.1496E+000
  0.000000000E+000  0.855301055E+000  0.1348E+000
  0.328947696E+000  0.809056175E+000  0.1419E+000
  0.531411986E+000  0.784535813E+000  0.1451E+000
  0.601829926E+000  0.785646068E+000  0.1456E+000
  0.626808669E+000  0.785040722E+000  0.1458E+000
  0.654402601E+000  0.779880427E+000  0.1463E+000
  0.713192155E+000  0.765066787E+000  0.1476E+000
  0.798016592E+000  0.741514709E+000  0.1496E+000
  0.100000000E+001  0.684111674E+000  0.1529E+000
  0.000000000E+000  0.943602679E+000  0.1157E+000
  0.287395109E+000  0.907305827E+000  0.1242E+000
  0.448848995E+000  0.897500568E+000  0.1272E+000
  0.507204613E+000  0.904112204E+000  0.1257E+000
  0.590907181E+000  0.909229170E+000  0.1242E+000
  0.701883840E+000  0.905141104E+000  0.1251E+000
  0.807504645E+000  0.893383707E+000  0.1278E+000
  0.894036145E+000  0.875863222E+000  0.1315E+000
  0.100000000E+001  0.841664527E+000  0.1378E+000
  0.000000000E+000  0.100000000E+001  0.1000E+000
  0.125000000E+000  0.100000000E+001  0.1000E+000
  0.250000000E+000  0.100000000E+001  0.1000E+000
  0.375000000E+000  0.100000000E+001  0.1000E+000
  0.500000000E+000  0.100000000E+001  0.1000E+000
  0.625000000E+000  0.100000000E+001  0.1000E+000
  0.750000000E+000  0.100000000E+001  0.1000E+000
  0.875000000E+000  0.100000000E+001  0.1000E+000
  0.100000000E+001  0.100000000E+001  0.1000E+000
  0.226493398E+00
STEP  =  11             
CPU   =   0.00(SEC)     
H     = 0.159E-02       
NRE:NJE =    0:206      
  0.000000000E+000  0.000000000E+000  0.0000E+000
  0.125000000E+000  0.000000000E+000  0.0000E+000
  0.250000000E+000  0.000000000E+000  0.0000E+000
  0.375000000E+000  0.000000000E+000  0.0000E+000
  0.500000000E+000  0.000000000E+000  0.0000E+000
  0.625000000E+000  0.000000000E+000  0.0000E+000
  0.750000000E+000  0.000000000E+000  0.0000E+000
  0.875000000E+000  0.000000000E+000  0.0000E+000
  0.100000000E+001  0.000000000E+000  0.0000E+000
  0.000000000E+000  0.166358562E+000  0.7991E-001
  0.104247996E+000  0.131114792E+000  0.6501E-001
  0.209954711E+000  0.104323021E+000  0.5299E-001
  0.294457402E+000  0.957116325E-001  0.4926E-001
  0.348157436E+000  0.989638674E-001  0.5108E-001
  0.384164557E+000  0.106891926E+000  0.5486E-001
  0.403246701E+000  0.112712659E+000  0.5756E-001
  0.553272604E+000  0.104981664E+000  0.5284E-001
  0.100000000E+001  0.696925892E-001  0.3567E-001
  0.000000000E+000  0.326055732E+000  0.1313E+000
  0.191959582E+000  0.266600478E+000  0.1149E+000
  0.272910452E+000  0.235048687E+000  0.1051E+000
  0.277385697E+000  0.233955828E+000  0.1047E+000
  0.277440055E+000  0.233954225E+000  0.1047E+000
  0.277817174E+000  0.233986468E+000  0.1047E+000
  0.294596939E+000  0.236073101E+000  0.1052E+000
  0.539186978E+000  0.212484595E+000  0.9625E-001
  0.100000000E+001  0.165721730E+000  0.7855E-001
  0.000000000E+000  0.473477592E+000  0.1587E+000
  0.277955253E+000  0.409167091E+000  0.1491E+000
  0.370606390E+000  0.379611220E+000  0.1434E+000
  0.376111661E+000  0.378740293E+000  0.1432E+000
  0.379064707E+000  0.378267365E+000  0.1431E+000
  0.384148598E+000  0.377391199E+000  0.1429E+000
  0.401049519E+000  0.374183048E+000  0.1422E+000
  0.591522147E+000  0.332854257E+000  0.1326E+000
  0.100000000E+001  0.276520749E+000  0.1172E+000
  0.000000000E+000  0.609355454E+000  0.1672E+000
  0.339272873E+000  0.547970622E+000  0.1654E+000
  0.472966099E+000  0.511217384E+000  0.1626E+000
  0.489102406E+000  0.508339968E+000  0.1623E+000
  0.498521448E+000  0.506682406E+000  0.1622E+000
  0.507671780E+000  0.505079246E+000  0.1620E+000
  0.522719985E+000  0.502432629E+000  0.1618E+000
  0.661507235E+000  0.463947023E+000  0.1574E+000
  0.100000000E+001  0.402230067E+000  0.1475E+000
  0.000000000E+000  0.733308645E+000  0.1609E+000
  0.408130911E+000  0.678222554E+000  0.1654E+000
  0.594190017E+000  0.638644715E+000  0.1671E+000
  0.610312003E+000  0.635696885E+000  0.1672E+000
  0.614749134E+000  0.634972440E+000  0.1673E+000
  0.617173384E+000  0.634608408E+000  0.1673E+000
  0.622069570E+000  0.633870483E+000  0.1673E+000
  0.723294145E+000  0.601443773E+000  0.1674E+000
  0.100000000E+001  0.537877407E+000  0.1648E+000
  0.000000000E+000  0.840912662E+000  0.1441E+000
  0.453978744E+000  0.795533389E+000  0.1525E+000
  0.695275524E+000  0.774461143E+000  0.1565E+000
  0.712329068E+000  0.776764665E+000  0.1564E+000
  0.712659300E+000  0.776796770E+000  0.1564E+000
  0.712697829E+000  0.776795707E+000  0.1564E+000
  0.718207537E+000  0.775368414E+000  0.1566E+000
  0.808756328E+000  0.740679381E+000  0.1607E+000
  0.100000000E+001  0.682891326E+000  0.1655E+000
  0.000000000E+000  0.933713780E+000  0.1208E+000
  0.431498401E+000  0.899200500E+000  0.1308E+000
  0.579579062E+000  0.892202767E+000  0.1337E+000
  0.600035529E+000  0.898423247E+000  0.1320E+000
  0.638682155E+000  0.906641216E+000  0.1297E+000
  0.698140930E+000  0.909514077E+000  0.1286E+000
  0.790437856E+000  0.900004516E+000  0.1310E+000
  0.897581097E+000  0.873037386E+000  0.1378E+000
  0.100000000E+001  0.838618658E+000  0.1456E+000
  0.000000000E+000  0.100000000E+001  0.1000E+000
  0.125000000E+000  0.100000000E+001  0.1000E+000
  0.250000000E+000  0.100000000E+001  0.1000E+000
  0.375000000E+000  0.100000000E+001  0.1000E+000
  0.500000000E+000  0.100000000E+001  0.1000E+000
  0.625000000E+000  0.100000000E+001  0.1000E+000
  0.750000000E+000  0.100000000E+001  0.1000E+000
  0.875000000E+000  0.100000000E+001  0.1000E+000
  0.100000000E+001  0.100000000E+001  0.1000E+000
  0.249820747E+00
STEP  =  26             
CPU   =   0.00(SEC)     
H     = 0.179E-03       
NRE:NJE =    0:344      
  0.000000000E+000  0.000000000E+000  0.0000E+000
  0.125000000E+000  0.000000000E+000  0.0000E+000
  0.250000000E+000  0.000000000E+000  0.0000E+000
  0.375000000E+000  0.000000000E+000  0.0000E+000
  0.500000000E+000  0.000000000E+000  0.0000E+000
  0.625000000E+000  0.000000000E+000  0.0000E+000
  0.750000000E+000  0.000000000E+000  0.0000E+000
  0.875000000E+000  0.000000000E+000  0.0000E+000
  0.100000000E+001  0.000000000E+000  0.0000E+000
  0.000000000E+000  0.168210794E+000  0.8207E-001
  0.101955302E+000  0.134540990E+000  0.6758E-001
  0.236282038E+000  0.102403790E+000  0.5309E-001
  0.296705377E+000  0.970311390E-001  0.5109E-001
  0.324388841E+000  0.100265559E+000  0.5275E-001
  0.349881146E+000  0.106889322E+000  0.5591E-001
  0.366679219E+000  0.112480753E+000  0.5854E-001
  0.512015961E+000  0.105558872E+000  0.5415E-001
  0.100000000E+001  0.719101678E-001  0.3726E-001
  0.000000000E+000  0.327432434E+000  0.1341E+000
  0.182842810E+000  0.269617094E+000  0.1179E+000
  0.264117263E+000  0.237344133E+000  0.1077E+000
  0.264874719E+000  0.237224617E+000  0.1077E+000
  0.264880719E+000  0.237224638E+000  0.1077E+000
  0.264996922E+000  0.237232962E+000  0.1077E+000
  0.274004982E+000  0.238316039E+000  0.1079E+000
  0.507511742E+000  0.214474788E+000  0.9878E-001
  0.100000000E+001  0.168249975E+000  0.8091E-001
  0.000000000E+000  0.473652082E+000  0.1615E+000
  0.273674974E+000  0.410595700E+000  0.1520E+000
  0.371297114E+000  0.379285206E+000  0.1459E+000
  0.373492068E+000  0.378932436E+000  0.1458E+000
  0.374719708E+000  0.378728352E+000  0.1458E+000
  0.376956689E+000  0.378341297E+000  0.1457E+000
  0.385069629E+000  0.376855593E+000  0.1454E+000
  0.574195434E+000  0.335226166E+000  0.1356E+000
  0.100000000E+001  0.279142128E+000  0.1201E+000
  0.000000000E+000  0.608057367E+000  0.1698E+000
  0.345736492E+000  0.547432721E+000  0.1681E+000
  0.483219494E+000  0.509619056E+000  0.1653E+000
  0.491544811E+000  0.508149888E+000  0.1652E+000
  0.496383201E+000  0.507298943E+000  0.1651E+000
  0.501068540E+000  0.506476872E+000  0.1650E+000
  0.508741728E+000  0.505133919E+000  0.1649E+000
  0.655333948E+000  0.464774421E+000  0.1603E+000
  0.100000000E+001  0.403899840E+000  0.1505E+000
  0.000000000E+000  0.731097946E+000  0.1632E+000
  0.425447293E+000  0.676280763E+000  0.1680E+000
  0.605760799E+000  0.637236222E+000  0.1698E+000
  0.613220904E+000  0.635945164E+000  0.1698E+000
  0.615081937E+000  0.635644066E+000  0.1698E+000
  0.616038762E+000  0.635496144E+000  0.1698E+000
  0.617903134E+000  0.635216665E+000  0.1698E+000
  0.728332034E+000  0.600041710E+000  0.1700E+000
  0.100000000E+001  0.537939014E+000  0.1675E+000
  0.000000000E+000  0.838637824E+000  0.1459E+000
  0.485102301E+000  0.793863464E+000  0.1545E+000
  0.713137226E+000  0.773397019E+000  0.1586E+000
  0.722551984E+000  0.774671640E+000  0.1585E+000
  0.722655969E+000  0.774680495E+000  0.1585E+000
  0.722661401E+000  0.774680520E+000  0.1585E+000
  0.723741326E+000  0.774473773E+000  0.1585E+000
  0.819488625E+000  0.737392671E+000  0.1631E+000
  0.100000000E+001  0.681719873E+000  0.1680E+000
  0.000000000E+000  0.931690997E+000  0.1219E+000
  0.470106810E+000  0.898693262E+000  0.1319E+000
  0.612355969E+000  0.892511575E+000  0.1346E+000
  0.630964015E+000  0.898664734E+000  0.1329E+000
  0.659213175E+000  0.905757923E+000  0.1309E+000
  0.693095501E+000  0.908980130E+000  0.1299E+000
  0.765397403E+000  0.902280550E+000  0.1312E+000
  0.902354332E+000  0.869484962E+000  0.1397E+000
  0.100000000E+001  0.837237477E+000  0.1473E+000
  0.000000000E+000  0.100000000E+001  0.1000E+000
  0.125000000E+000  0.100000000E+001  0.1000E+000
  0.250000000E+000  0.100000000E+001  0.1000E+000
  0.375000000E+000  0.100000000E+001  0.1000E+000
  0.500000000E+000  0.100000000E+001  0.1000E+000
  0.625000000E+000  0.100000000E+001  0.1000E+000
  0.750000000E+000  0.100000000E+001  0.1000E+000
  0.875000000E+000  0.100000000E+001  0.1000E+000
  0.100000000E+001  0.100000000E+001  0.1000E+000
  0.262936977E+00
STEP  =  47             
CPU   =   0.00(SEC)     
H     = 0.537E-03       
NRE:NJE =    0:507      
  0.000000000E+000  0.000000000E+000  0.0000E+000
  0.125000000E+000  0.000000000E+000  0.0000E+000
  0.250000000E+000  0.000000000E+000  0.0000E+000
  0.375000000E+000  0.000000000E+000  0.0000E+000
  0.500000000E+000  0.000000000E+000  0.0000E+000
  0.625000000E+000  0.000000000E+000  0.0000E+000
  0.750000000E+000  0.000000000E+000  0.0000E+000
  0.875000000E+000  0.000000000E+000  0.0000E+000
  0.100000000E+001  0.000000000E+000  0.0000E+000
  0.000000000E+000  0.169132695E+000  0.8312E-001
  0.989118606E-001  0.136839719E+000  0.6911E-001
  0.249271692E+000  0.102139586E+000  0.5350E-001
  0.295102361E+000  0.982282769E-001  0.5221E-001
  0.311624277E+000  0.100675086E+000  0.5344E-001
  0.332261940E+000  0.106388486E+000  0.5616E-001
  0.348123372E+000  0.111867537E+000  0.5876E-001
  0.490725342E+000  0.105662159E+000  0.5471E-001
  0.100000000E+001  0.729267934E-001  0.3800E-001
  0.000000000E+000  0.328315041E+000  0.1354E+000
  0.177704363E+000  0.271749994E+000  0.1195E+000
  0.259929598E+000  0.239109638E+000  0.1092E+000
  0.260179417E+000  0.239082936E+000  0.1092E+000
  0.260181606E+000  0.239082975E+000  0.1092E+000
  0.260240762E+000  0.239086434E+000  0.1092E+000
  0.266232990E+000  0.239730422E+000  0.1093E+000
  0.491424402E+000  0.215290245E+000  0.9995E-001
  0.100000000E+001  0.169311635E+000  0.8197E-001
  0.000000000E+000  0.473961270E+000  0.1628E+000
  0.270186153E+000  0.411660686E+000  0.1535E+000
  0.370710792E+000  0.379391443E+000  0.1472E+000
  0.372010242E+000  0.379178782E+000  0.1471E+000
  0.372750051E+000  0.379054462E+000  0.1471E+000
  0.374123426E+000  0.378817309E+000  0.1470E+000
  0.379251746E+000  0.377895697E+000  0.1468E+000
  0.566312388E+000  0.336234988E+000  0.1370E+000
  0.100000000E+001  0.280285738E+000  0.1214E+000
  0.000000000E+000  0.607597364E+000  0.1710E+000
  0.347695034E+000  0.547376042E+000  0.1694E+000
  0.486382888E+000  0.509140680E+000  0.1666E+000
  0.491894752E+000  0.508166578E+000  0.1665E+000
  0.495094502E+000  0.507602043E+000  0.1665E+000
  0.498189611E+000  0.507056818E+000  0.1664E+000
  0.503248338E+000  0.506167799E+000  0.1663E+000
  0.653619120E+000  0.464926818E+000  0.1616E+000
  0.100000000E+001  0.404500680E+000  0.1518E+000
  0.000000000E+000  0.730109004E+000  0.1643E+000
  0.433462473E+000  0.675430648E+000  0.1691E+000
  0.609086800E+000  0.636818123E+000  0.1710E+000
  0.613707770E+000  0.636037492E+000  0.1710E+000
  0.614823510E+000  0.635857712E+000  0.1710E+000
  0.615386040E+000  0.635769815E+000  0.1710E+000
  0.616464063E+000  0.635605731E+000  0.1710E+000
  0.732401876E+000  0.598940511E+000  0.1713E+000
  0.100000000E+001  0.537721007E+000  0.1688E+000
  0.000000000E+000  0.837657520E+000  0.1467E+000
  0.501216710E+000  0.793186141E+000  0.1555E+000
  0.719838016E+000  0.772574021E+000  0.1596E+000
  0.726278161E+000  0.773378539E+000  0.1595E+000
  0.726331795E+000  0.773382413E+000  0.1595E+000
  0.726333877E+000  0.773382460E+000  0.1595E+000
  0.726698408E+000  0.773330604E+000  0.1595E+000
  0.826024923E+000  0.735055746E+000  0.1643E+000
  0.100000000E+001  0.680953433E+000  0.1691E+000
  0.000000000E+000  0.930743391E+000  0.1224E+000
  0.490208372E+000  0.898609432E+000  0.1324E+000
  0.629231520E+000  0.893102793E+000  0.1350E+000
  0.647187359E+000  0.899275227E+000  0.1332E+000
  0.670650251E+000  0.905596280E+000  0.1315E+000
  0.692082696E+000  0.908283268E+000  0.1306E+000
  0.750594833E+000  0.903071753E+000  0.1315E+000
  0.907014310E+000  0.867028693E+000  0.1408E+000
  0.100000000E+001  0.836596915E+000  0.1481E+000
  0.000000000E+000  0.100000000E+001  0.1000E+000
  0.125000000E+000  0.100000000E+001  0.1000E+000
  0.250000000E+000  0.100000000E+001  0.1000E+000
  0.375000000E+000  0.100000000E+001  0.1000E+000
  0.500000000E+000  0.100000000E+001  0.1000E+000
  0.625000000E+000  0.100000000E+001  0.1000E+000
  0.750000000E+000  0.100000000E+001  0.1000E+000
  0.875000000E+000  0.100000000E+001  0.1000E+000
  0.100000000E+001  0.100000000E+001  0.1000E+000
