Heat Equation           
-                       
-                       
-                       
     1
u                       
    81   208   128
     1    11
    11    10
    10     1
     1     2
     2    11
     3    13
    13    12
    12     3
     3     4
     4    13
     5    15
    15    14
    14     5
     5     6
     6    15
     7    17
    17    16
    16     7
     7     8
     8    17
    19    29
    29    28
    28    19
    19    20
    20    29
    21    31
    31    30
    30    21
    21    22
    22    31
    23    33
    33    32
    32    23
    23    24
    24    33
    25    35
    35    34
    34    25
    25    26
    26    35
    37    47
    47    46
    46    37
    37    38
    38    47
    39    49
    49    48
    48    39
    39    40
    40    49
    41    51
    51    50
    50    41
    41    42
    42    51
    43    53
    53    52
    52    43
    43    44
    44    53
    55    65
    65    64
    64    55
    55    56
    56    65
    57    67
    67    66
    66    57
    57    58
    58    67
    59    69
    69    68
    68    59
    59    60
    60    69
    61    71
    71    70
    70    61
    61    62
    62    71
     2     3
     3    11
    12    11
     4     5
     5    13
    14    13
     6     7
     7    15
    16    15
     8     9
     9    17
    18    17
     9    18
    20    21
    21    29
    30    29
    22    23
    23    31
    32    31
    24    25
    25    33
    34    33
    26    27
    27    35
    36    35
    27    36
    38    39
    39    47
    48    47
    40    41
    41    49
    50    49
    42    43
    43    51
    52    51
    44    45
    45    53
    54    53
    45    54
    56    57
    57    65
    66    65
    58    59
    59    67
    68    67
    60    61
    61    69
    70    69
    62    63
    63    71
    72    71
    63    72
    11    19
    19    10
    11    20
    13    21
    21    12
    13    22
    15    23
    23    14
    15    24
    17    25
    25    16
    17    26
    29    37
    37    28
    29    38
    31    39
    39    30
    31    40
    33    41
    41    32
    33    42
    35    43
    43    34
    35    44
    47    55
    55    46
    47    56
    49    57
    57    48
    49    58
    51    59
    59    50
    51    60
    53    61
    61    52
    53    62
    65    73
    73    64
    74    73
    65    74
    67    75
    75    66
    76    75
    67    76
    69    77
    77    68
    78    77
    69    78
    71    79
    79    70
    80    79
    71    80
    11    21
    13    23
    15    25
    17    27
    18    27
    29    39
    31    41
    33    43
    35    45
    36    45
    47    57
    49    59
    51    61
    53    63
    54    63
    65    75
    75    74
    67    77
    77    76
    69    79
    79    78
    71    81
    81    80
    72    81
     1    11    10
    11     1     2
     3    13    12
    13     3     4
     5    15    14
    15     5     6
     7    17    16
    17     7     8
    19    29    28
    29    19    20
    21    31    30
    31    21    22
    23    33    32
    33    23    24
    25    35    34
    35    25    26
    37    47    46
    47    37    38
    39    49    48
    49    39    40
    41    51    50
    51    41    42
    43    53    52
    53    43    44
    55    65    64
    65    55    56
    57    67    66
    67    57    58
    59    69    68
    69    59    60
    61    71    70
    71    61    62
     2     3    11
    12    11     3
     4     5    13
    14    13     5
     6     7    15
    16    15     7
     8     9    17
    18    17     9
    20    21    29
    30    29    21
    22    23    31
    32    31    23
    24    25    33
    34    33    25
    26    27    35
    36    35    27
    38    39    47
    48    47    39
    40    41    49
    50    49    41
    42    43    51
    52    51    43
    44    45    53
    54    53    45
    56    57    65
    66    65    57
    58    59    67
    68    67    59
    60    61    69
    70    69    61
    62    63    71
    72    71    63
    10    11    19
    20    19    11
    12    13    21
    22    21    13
    14    15    23
    24    23    15
    16    17    25
    26    25    17
    28    29    37
    38    37    29
    30    31    39
    40    39    31
    32    33    41
    42    41    33
    34    35    43
    44    43    35
    46    47    55
    56    55    47
    48    49    57
    58    57    49
    50    51    59
    60    59    51
    52    53    61
    62    61    53
    64    65    73
    74    73    65
    66    67    75
    76    75    67
    68    69    77
    78    77    69
    70    71    79
    80    79    71
    11    21    20
    21    11    12
    13    23    22
    23    13    14
    15    25    24
    25    15    16
    17    27    26
    27    17    18
    29    39    38
    39    29    30
    31    41    40
    41    31    32
    33    43    42
    43    33    34
    35    45    44
    45    35    36
    47    57    56
    57    47    48
    49    59    58
    59    49    50
    51    61    60
    61    51    52
    53    63    62
    63    53    54
    65    75    74
    75    65    66
    67    77    76
    77    67    68
    69    79    78
    79    69    70
    71    81    80
    81    71    72
  0.000000000E+00
STEP  =   0             
CPU   =   0.00(SEC)     
H     = 0.000E+00       
NRE:NJE =    0:000      
  0.000000000E+000  0.000000000E+000  0.0000E+000
  0.125000000E+000  0.000000000E+000  0.0000E+000
  0.250000000E+000  0.000000000E+000  0.0000E+000
  0.375000000E+000  0.000000000E+000  0.0000E+000
  0.500000000E+000  0.000000000E+000  0.0000E+000
  0.625000000E+000  0.000000000E+000  0.0000E+000
  0.750000000E+000  0.000000000E+000  0.0000E+000
  0.875000000E+000  0.000000000E+000  0.0000E+000
  0.100000000E+001  0.000000000E+000  0.0000E+000
  0.000000000E+000  0.125000000E+000  0.1250E-001
  0.125000000E+000  0.125000000E+000  0.1250E-001
  0.250000000E+000  0.125000000E+000  0.1250E-001
  0.375000000E+000  0.125000000E+000  0.1250E-001
  0.500000000E+000  0.125000000E+000  0.1250E-001
  0.625000000E+000  0.125000000E+000  0.1250E-001
  0.750000000E+000  0.125000000E+000  0.1250E-001
  0.875000000E+000  0.125000000E+000  0.1250E-001
  0.100000000E+001  0.125000000E+000  0.1250E-001
  0.000000000E+000  0.250000000E+000  0.2500E-001
  0.125000000E+000  0.250000000E+000  0.2500E-001
  0.250000000E+000  0.250000000E+000  0.2500E-001
  0.375000000E+000  0.250000000E+000  0.2500E-001
  0.500000000E+000  0.250000000E+000  0.2500E-001
  0.625000000E+000  0.250000000E+000  0.2500E-001
  0.750000000E+000  0.250000000E+000  0.2500E-001
  0.875000000E+000  0.250000000E+000  0.2500E-001
  0.100000000E+001  0.250000000E+000  0.2500E-001
  0.000000000E+000  0.375000000E+000  0.3750E-001
  0.125000000E+000  0.375000000E+000  0.3750E-001
  0.250000000E+000  0.375000000E+000  0.3750E-001
  0.375000000E+000  0.375000000E+000  0.3750E-001
  0.500000000E+000  0.375000000E+000  0.3750E-001
  0.625000000E+000  0.375000000E+000  0.3750E-001
  0.750000000E+000  0.375000000E+000  0.3750E-001
  0.875000000E+000  0.375000000E+000  0.3750E-001
  0.100000000E+001  0.375000000E+000  0.3750E-001
  0.000000000E+000  0.500000000E+000  0.5000E-001
  0.125000000E+000  0.500000000E+000  0.5000E-001
  0.250000000E+000  0.500000000E+000  0.5000E-001
  0.375000000E+000  0.500000000E+000  0.5000E-001
  0.500000000E+000  0.500000000E+000  0.5000E-001
  0.625000000E+000  0.500000000E+000  0.5000E-001
  0.750000000E+000  0.500000000E+000  0.5000E-001
  0.875000000E+000  0.500000000E+000  0.5000E-001
  0.100000000E+001  0.500000000E+000  0.5000E-001
  0.000000000E+000  0.625000000E+000  0.6250E-001
  0.125000000E+000  0.625000000E+000  0.6250E-001
  0.250000000E+000  0.625000000E+000  0.6250E-001
  0.375000000E+000  0.625000000E+000  0.6250E-001
  0.500000000E+000  0.625000000E+000  0.6250E-001
  0.625000000E+000  0.625000000E+000  0.6250E-001
  0.750000000E+000  0.625000000E+000  0.6250E-001
  0.875000000E+000  0.625000000E+000  0.6250E-001
  0.100000000E+001  0.625000000E+000  0.6250E-001
  0.000000000E+000  0.750000000E+000  0.7500E-001
  0.125000000E+000  0.750000000E+000  0.7500E-001
  0.250000000E+000  0.750000000E+000  0.7500E-001
  0.375000000E+000  0.750000000E+000  0.7500E-001
  0.500000000E+000  0.750000000E+000  0.7500E-001
  0.625000000E+000  0.750000000E+000  0.7500E-001
  0.750000000E+000  0.750000000E+000  0.7500E-001
  0.875000000E+000  0.750000000E+000  0.7500E-001
  0.100000000E+001  0.750000000E+000  0.7500E-001
  0.000000000E+000  0.875000000E+000  0.8750E-001
  0.125000000E+000  0.875000000E+000  0.8750E-001
  0.250000000E+000  0.875000000E+000  0.8750E-001
  0.375000000E+000  0.875000000E+000  0.8750E-001
  0.500000000E+000  0.875000000E+000  0.8750E-001
  0.625000000E+000  0.875000000E+000  0.8750E-001
  0.750000000E+000  0.875000000E+000  0.8750E-001
  0.875000000E+000  0.875000000E+000  0.8750E-001
  0.100000000E+001  0.875000000E+000  0.8750E-001
  0.000000000E+000  0.100000000E+001  0.1000E+000
  0.125000000E+000  0.100000000E+001  0.1000E+000
  0.250000000E+000  0.100000000E+001  0.1000E+000
  0.375000000E+000  0.100000000E+001  0.1000E+000
  0.500000000E+000  0.100000000E+001  0.1000E+000
  0.625000000E+000  0.100000000E+001  0.1000E+000
  0.750000000E+000  0.100000000E+001  0.1000E+000
  0.875000000E+000  0.100000000E+001  0.1000E+000
  0.100000000E+001  0.100000000E+001  0.1000E+000
  0.426937212E-01
STEP  =   4             
CPU   =   0.00(SEC)     
H     = 0.487E-02       
NRE:NJE =    0:058      
  0.000000000E+000  0.000000000E+000  0.0000E+000
  0.125000000E+000  0.000000000E+000  0.0000E+000
  0.250000000E+000  0.000000000E+000  0.0000E+000
  0.375000000E+000  0.000000000E+000  0.0000E+000
  0.500000000E+000  0.000000000E+000  0.0000E+000
  0.625000000E+000  0.000000000E+000  0.0000E+000
  0.750000000E+000  0.000000000E+000  0.0000E+000
  0.875000000E+000  0.000000000E+000  0.0000E+000
  0.100000000E+001  0.000000000E+000  0.0000E+000
  0.000000000E+000  0.787143786E-001  0.2306E-001
  0.125000000E+000  0.748501628E-001  0.2287E-001
  0.250000000E+000  0.787143786E-001  0.2306E-001
  0.375000000E+000  0.748501628E-001  0.2287E-001
  0.500000000E+000  0.787143786E-001  0.2306E-001
  0.625000000E+000  0.748501628E-001  0.2287E-001
  0.750000000E+000  0.787143786E-001  0.2306E-001
  0.875000000E+000  0.748501628E-001  0.2287E-001
  0.100000000E+001  0.787143786E-001  0.2306E-001
  0.000000000E+000  0.172075394E+000  0.4535E-001
  0.125000000E+000  0.174577039E+000  0.4526E-001
  0.250000000E+000  0.172075394E+000  0.4535E-001
  0.375000000E+000  0.174577039E+000  0.4526E-001
  0.500000000E+000  0.172075394E+000  0.4535E-001
  0.625000000E+000  0.174577039E+000  0.4526E-001
  0.750000000E+000  0.172075394E+000  0.4535E-001
  0.875000000E+000  0.174577039E+000  0.4526E-001
  0.100000000E+001  0.172075394E+000  0.4535E-001
  0.000000000E+000  0.308788093E+000  0.6801E-001
  0.125000000E+000  0.302461764E+000  0.6761E-001
  0.250000000E+000  0.308788093E+000  0.6801E-001
  0.375000000E+000  0.302461764E+000  0.6761E-001
  0.500000000E+000  0.308788093E+000  0.6801E-001
  0.625000000E+000  0.302461764E+000  0.6761E-001
  0.750000000E+000  0.308788093E+000  0.6801E-001
  0.875000000E+000  0.302461764E+000  0.6761E-001
  0.100000000E+001  0.308788093E+000  0.6801E-001
  0.000000000E+000  0.499882248E+000  0.9133E-001
  0.125000000E+000  0.499903414E+000  0.9093E-001
  0.250000000E+000  0.499882248E+000  0.9133E-001
  0.375000000E+000  0.499903414E+000  0.9093E-001
  0.500000000E+000  0.499882248E+000  0.9133E-001
  0.625000000E+000  0.499903414E+000  0.9093E-001
  0.750000000E+000  0.499882248E+000  0.9133E-001
  0.875000000E+000  0.499903414E+000  0.9093E-001
  0.100000000E+001  0.499882248E+000  0.9133E-001
  0.000000000E+000  0.691482752E+000  0.1063E+000
  0.125000000E+000  0.697825822E+000  0.1071E+000
  0.250000000E+000  0.691482752E+000  0.1063E+000
  0.375000000E+000  0.697825822E+000  0.1071E+000
  0.500000000E+000  0.691482752E+000  0.1063E+000
  0.625000000E+000  0.697825822E+000  0.1071E+000
  0.750000000E+000  0.691482752E+000  0.1063E+000
  0.875000000E+000  0.697825822E+000  0.1071E+000
  0.100000000E+001  0.691482752E+000  0.1063E+000
  0.000000000E+000  0.828553247E+000  0.1109E+000
  0.125000000E+000  0.826057715E+000  0.1103E+000
  0.250000000E+000  0.828553247E+000  0.1109E+000
  0.375000000E+000  0.826057715E+000  0.1103E+000
  0.500000000E+000  0.828553247E+000  0.1109E+000
  0.625000000E+000  0.826057715E+000  0.1103E+000
  0.750000000E+000  0.828553247E+000  0.1109E+000
  0.875000000E+000  0.826057715E+000  0.1103E+000
  0.100000000E+001  0.828553247E+000  0.1109E+000
  0.000000000E+000  0.921763918E+000  0.1073E+000
  0.125000000E+000  0.925613949E+000  0.1079E+000
  0.250000000E+000  0.921763918E+000  0.1073E+000
  0.375000000E+000  0.925613949E+000  0.1079E+000
  0.500000000E+000  0.921763918E+000  0.1073E+000
  0.625000000E+000  0.925613949E+000  0.1079E+000
  0.750000000E+000  0.921763918E+000  0.1073E+000
  0.875000000E+000  0.925613949E+000  0.1079E+000
  0.100000000E+001  0.921763918E+000  0.1073E+000
  0.000000000E+000  0.100000000E+001  0.1000E+000
  0.125000000E+000  0.100000000E+001  0.1000E+000
  0.250000000E+000  0.100000000E+001  0.1000E+000
  0.375000000E+000  0.100000000E+001  0.1000E+000
  0.500000000E+000  0.100000000E+001  0.1000E+000
  0.625000000E+000  0.100000000E+001  0.1000E+000
  0.750000000E+000  0.100000000E+001  0.1000E+000
  0.875000000E+000  0.100000000E+001  0.1000E+000
  0.100000000E+001  0.100000000E+001  0.1000E+000
  0.306171508E+00
STEP  =   5             
CPU   =   0.00(SEC)     
H     = 0.351E-01       
NRE:NJE =    0:109      
  0.000000000E+000  0.000000000E+000  0.0000E+000
  0.125000000E+000  0.000000000E+000  0.0000E+000
  0.250000000E+000  0.000000000E+000  0.0000E+000
  0.375000000E+000  0.000000000E+000  0.0000E+000
  0.500000000E+000  0.000000000E+000  0.0000E+000
  0.625000000E+000  0.000000000E+000  0.0000E+000
  0.750000000E+000  0.000000000E+000  0.0000E+000
  0.875000000E+000  0.000000000E+000  0.0000E+000
  0.100000000E+001  0.000000000E+000  0.0000E+000
  0.000000000E+000  0.126580119E+000  0.6485E-001
  0.125000000E+000  0.125149834E+000  0.6571E-001
  0.250000000E+000  0.126580119E+000  0.6485E-001
  0.375000000E+000  0.125149834E+000  0.6571E-001
  0.500000000E+000  0.126580119E+000  0.6485E-001
  0.625000000E+000  0.125149834E+000  0.6571E-001
  0.750000000E+000  0.126580119E+000  0.6485E-001
  0.875000000E+000  0.125149834E+000  0.6571E-001
  0.100000000E+001  0.126580119E+000  0.6485E-001
  0.000000000E+000  0.253907133E+000  0.1164E+000
  0.125000000E+000  0.253716700E+000  0.1151E+000
  0.250000000E+000  0.253907133E+000  0.1164E+000
  0.375000000E+000  0.253716700E+000  0.1151E+000
  0.500000000E+000  0.253907133E+000  0.1164E+000
  0.625000000E+000  0.253716700E+000  0.1151E+000
  0.750000000E+000  0.253907133E+000  0.1164E+000
  0.875000000E+000  0.253716700E+000  0.1151E+000
  0.100000000E+001  0.253907133E+000  0.1164E+000
  0.000000000E+000  0.380445217E+000  0.1497E+000
  0.125000000E+000  0.380339038E+000  0.1509E+000
  0.250000000E+000  0.380445217E+000  0.1497E+000
  0.375000000E+000  0.380339038E+000  0.1509E+000
  0.500000000E+000  0.380445217E+000  0.1497E+000
  0.625000000E+000  0.380339038E+000  0.1509E+000
  0.750000000E+000  0.380445217E+000  0.1497E+000
  0.875000000E+000  0.380339038E+000  0.1509E+000
  0.100000000E+001  0.380445217E+000  0.1497E+000
  0.000000000E+000  0.506058248E+000  0.1702E+000
  0.125000000E+000  0.506049359E+000  0.1690E+000
  0.250000000E+000  0.506058248E+000  0.1702E+000
  0.375000000E+000  0.506049359E+000  0.1690E+000
  0.500000000E+000  0.506058248E+000  0.1702E+000
  0.625000000E+000  0.506049359E+000  0.1690E+000
  0.750000000E+000  0.506058248E+000  0.1702E+000
  0.875000000E+000  0.506049359E+000  0.1690E+000
  0.100000000E+001  0.506058248E+000  0.1702E+000
  0.000000000E+000  0.630833722E+000  0.1734E+000
  0.125000000E+000  0.630961588E+000  0.1746E+000
  0.250000000E+000  0.630833722E+000  0.1734E+000
  0.375000000E+000  0.630961588E+000  0.1746E+000
  0.500000000E+000  0.630833722E+000  0.1734E+000
  0.625000000E+000  0.630961588E+000  0.1746E+000
  0.750000000E+000  0.630833722E+000  0.1734E+000
  0.875000000E+000  0.630961588E+000  0.1746E+000
  0.100000000E+001  0.630833722E+000  0.1734E+000
  0.000000000E+000  0.754979769E+000  0.1644E+000
  0.125000000E+000  0.755185195E+000  0.1632E+000
  0.250000000E+000  0.754979769E+000  0.1644E+000
  0.375000000E+000  0.755185195E+000  0.1632E+000
  0.500000000E+000  0.754979769E+000  0.1644E+000
  0.625000000E+000  0.755185195E+000  0.1632E+000
  0.750000000E+000  0.754979769E+000  0.1644E+000
  0.875000000E+000  0.755185195E+000  0.1632E+000
  0.100000000E+001  0.754979769E+000  0.1644E+000
  0.000000000E+000  0.878461504E+000  0.1383E+000
  0.125000000E+000  0.879953744E+000  0.1393E+000
  0.250000000E+000  0.878461504E+000  0.1383E+000
  0.375000000E+000  0.879953744E+000  0.1393E+000
  0.500000000E+000  0.878461504E+000  0.1383E+000
  0.625000000E+000  0.879953744E+000  0.1393E+000
  0.750000000E+000  0.878461504E+000  0.1383E+000
  0.875000000E+000  0.879953744E+000  0.1393E+000
  0.100000000E+001  0.878461504E+000  0.1383E+000
  0.000000000E+000  0.100000000E+001  0.1000E+000
  0.125000000E+000  0.100000000E+001  0.1000E+000
  0.250000000E+000  0.100000000E+001  0.1000E+000
  0.375000000E+000  0.100000000E+001  0.1000E+000
  0.500000000E+000  0.100000000E+001  0.1000E+000
  0.625000000E+000  0.100000000E+001  0.1000E+000
  0.750000000E+000  0.100000000E+001  0.1000E+000
  0.875000000E+000  0.100000000E+001  0.1000E+000
  0.100000000E+001  0.100000000E+001  0.1000E+000
  0.249711591E+01
STEP  =  15             
CPU   =   0.00(SEC)     
H     = 0.190E-01       
NRE:NJE =    0:198      
  0.000000000E+000  0.000000000E+000  0.0000E+000
  0.125000000E+000  0.000000000E+000  0.0000E+000
  0.250000000E+000  0.000000000E+000  0.0000E+000
  0.375000000E+000  0.000000000E+000  0.0000E+000
  0.500000000E+000  0.000000000E+000  0.0000E+000
  0.625000000E+000  0.000000000E+000  0.0000E+000
  0.750000000E+000  0.000000000E+000  0.0000E+000
  0.875000000E+000  0.000000000E+000  0.0000E+000
  0.100000000E+001  0.000000000E+000  0.0000E+000
  0.000000000E+000  0.129405916E+000  0.6860E-001
  0.113001675E+000  0.128091373E+000  0.6940E-001
  0.247843282E+000  0.129178352E+000  0.6824E-001
  0.379418373E+000  0.128020908E+000  0.6934E-001
  0.499384372E+000  0.129207060E+000  0.6840E-001
  0.618415456E+000  0.127929879E+000  0.6928E-001
  0.753605152E+000  0.129023018E+000  0.6812E-001
  0.894561460E+000  0.128139735E+000  0.6943E-001
  0.100000000E+001  0.129586673E+000  0.6879E-001
  0.000000000E+000  0.258398275E+000  0.1222E+000
  0.122304105E+000  0.257192711E+000  0.1205E+000
  0.248735553E+000  0.256850165E+000  0.1217E+000
  0.375983215E+000  0.256937563E+000  0.1204E+000
  0.499822391E+000  0.257516694E+000  0.1219E+000
  0.624193371E+000  0.256641814E+000  0.1203E+000
  0.752135603E+000  0.256212559E+000  0.1215E+000
  0.878406686E+000  0.257364547E+000  0.1206E+000
  0.100000000E+001  0.259568485E+000  0.1226E+000
  0.000000000E+000  0.382816097E+000  0.1556E+000
  0.126242826E+000  0.382737813E+000  0.1569E+000
  0.250787781E+000  0.382602459E+000  0.1556E+000
  0.376505265E+000  0.382616858E+000  0.1569E+000
  0.500986370E+000  0.382692845E+000  0.1556E+000
  0.625783109E+000  0.382179412E+000  0.1568E+000
  0.748131196E+000  0.382287910E+000  0.1556E+000
  0.868891906E+000  0.382956497E+000  0.1570E+000
  0.100000000E+001  0.383388924E+000  0.1557E+000
  0.000000000E+000  0.505635209E+000  0.1760E+000
  0.124367855E+000  0.506075264E+000  0.1748E+000
  0.251617300E+000  0.506426180E+000  0.1761E+000
  0.376242303E+000  0.506463217E+000  0.1749E+000
  0.501960287E+000  0.506671192E+000  0.1762E+000
  0.626050397E+000  0.506389485E+000  0.1749E+000
  0.745770894E+000  0.505975142E+000  0.1761E+000
  0.870470064E+000  0.506107931E+000  0.1748E+000
  0.100000000E+001  0.506285565E+000  0.1761E+000
  0.000000000E+000  0.628499836E+000  0.1789E+000
  0.119639952E+000  0.628688657E+000  0.1801E+000
  0.248121130E+000  0.629094961E+000  0.1788E+000
  0.374979041E+000  0.629371601E+000  0.1801E+000
  0.501360218E+000  0.629471965E+000  0.1788E+000
  0.630974992E+000  0.629916173E+000  0.1801E+000
  0.750333871E+000  0.629213225E+000  0.1789E+000
  0.867015213E+000  0.628431150E+000  0.1801E+000
  0.100000000E+001  0.628356715E+000  0.1788E+000
  0.000000000E+000  0.751191570E+000  0.1691E+000
  0.119532440E+000  0.752056227E+000  0.1677E+000
  0.245929045E+000  0.752134089E+000  0.1690E+000
  0.373110961E+000  0.752461673E+000  0.1676E+000
  0.497941708E+000  0.752200450E+000  0.1689E+000
  0.628711392E+000  0.752716572E+000  0.1676E+000
  0.757729993E+000  0.752744515E+000  0.1689E+000
  0.877165260E+000  0.751950784E+000  0.1678E+000
  0.100000000E+001  0.750505434E+000  0.1692E+000
  0.000000000E+000  0.876061930E+000  0.1413E+000
  0.111673443E+000  0.877402999E+000  0.1422E+000
  0.245504059E+000  0.876117002E+000  0.1410E+000
  0.373438476E+000  0.877387268E+000  0.1422E+000
  0.499926958E+000  0.876104987E+000  0.1410E+000
  0.628316410E+000  0.877227475E+000  0.1423E+000
  0.754860748E+000  0.876274854E+000  0.1410E+000
  0.884219513E+000  0.877492465E+000  0.1422E+000
  0.100000000E+001  0.875908458E+000  0.1412E+000
  0.000000000E+000  0.100000000E+001  0.1000E+000
  0.125000000E+000  0.100000000E+001  0.1000E+000
  0.250000000E+000  0.100000000E+001  0.1000E+000
  0.375000000E+000  0.100000000E+001  0.1000E+000
  0.500000000E+000  0.100000000E+001  0.1000E+000
  0.625000000E+000  0.100000000E+001  0.1000E+000
  0.750000000E+000  0.100000000E+001  0.1000E+000
  0.875000000E+000  0.100000000E+001  0.1000E+000
  0.100000000E+001  0.100000000E+001  0.1000E+000
  0.260670103E+01
STEP  =  20             
CPU   =   0.00(SEC)     
H     = 0.203E-02       
NRE:NJE =    0:273      
  0.000000000E+000  0.000000000E+000  0.0000E+000
  0.125000000E+000  0.000000000E+000  0.0000E+000
  0.250000000E+000  0.000000000E+000  0.0000E+000
  0.375000000E+000  0.000000000E+000  0.0000E+000
  0.500000000E+000  0.000000000E+000  0.0000E+000
  0.625000000E+000  0.000000000E+000  0.0000E+000
  0.750000000E+000  0.000000000E+000  0.0000E+000
  0.875000000E+000  0.000000000E+000  0.0000E+000
  0.100000000E+001  0.000000000E+000  0.0000E+000
  0.000000000E+000  0.128877417E+000  0.7021E-001
  0.162648336E-001  0.128677330E+000  0.7017E-001
  0.240692809E+000  0.129366770E+000  0.6779E-001
  0.438420518E+000  0.128771119E+000  0.6984E-001
  0.496533004E+000  0.129713904E+000  0.6966E-001
  0.552500019E+000  0.128305029E+000  0.6956E-001
  0.762647544E+000  0.127852837E+000  0.6697E-001
  0.999826198E+000  0.130630138E+000  0.7144E-001
  0.100000000E+001  0.130630166E+000  0.7144E-001
  0.000000000E+000  0.275234906E+000  0.1273E+000
  0.104555755E+000  0.261057165E+000  0.1220E+000
  0.245033304E+000  0.256023294E+000  0.1215E+000
  0.387150865E+000  0.259110310E+000  0.1212E+000
  0.499909471E+000  0.266177430E+000  0.1245E+000
  0.617132512E+000  0.256393219E+000  0.1202E+000
  0.761778048E+000  0.251498507E+000  0.1196E+000
  0.884519678E+000  0.265525488E+000  0.1239E+000
  0.100000000E+001  0.286524222E+000  0.1309E+000
  0.000000000E+000  0.388146314E+000  0.1566E+000
  0.131730603E+000  0.384880614E+000  0.1574E+000
  0.249380596E+000  0.384007559E+000  0.1559E+000
  0.374401796E+000  0.385292589E+000  0.1575E+000
  0.510864650E+000  0.385875248E+000  0.1562E+000
  0.645355805E+000  0.379860852E+000  0.1563E+000
  0.724918661E+000  0.383343821E+000  0.1563E+000
  0.798953000E+000  0.389477140E+000  0.1583E+000
  0.100000000E+001  0.396122586E+000  0.1580E+000
  0.000000000E+000  0.505160612E+000  0.1759E+000
  0.120904088E+000  0.506712032E+000  0.1749E+000
  0.245640760E+000  0.508267548E+000  0.1763E+000
  0.379282166E+000  0.508521564E+000  0.1750E+000
  0.526590013E+000  0.509438685E+000  0.1766E+000
  0.628327723E+000  0.508597701E+000  0.1754E+000
  0.698922341E+000  0.507161930E+000  0.1758E+000
  0.824613919E+000  0.508264179E+000  0.1748E+000
  0.100000000E+001  0.509315338E+000  0.1765E+000
  0.000000000E+000  0.625665622E+000  0.1790E+000
  0.106055395E+000  0.627771446E+000  0.1801E+000
  0.239026631E+000  0.630043906E+000  0.1787E+000
  0.372996056E+000  0.630736140E+000  0.1801E+000
  0.516341318E+000  0.631978516E+000  0.1786E+000
  0.666547366E+000  0.636578854E+000  0.1798E+000
  0.736482097E+000  0.632207276E+000  0.1794E+000
  0.805146773E+000  0.626838960E+000  0.1801E+000
  0.100000000E+001  0.625670559E+000  0.1786E+000
  0.000000000E+000  0.740927167E+000  0.1702E+000
  0.963340468E-001  0.750117779E+000  0.1682E+000
  0.230107233E+000  0.753413581E+000  0.1688E+000
  0.372931664E+000  0.753243873E+000  0.1674E+000
  0.503649241E+000  0.752686997E+000  0.1688E+000
  0.641801735E+000  0.756739968E+000  0.1669E+000
  0.775296359E+000  0.761030721E+000  0.1673E+000
  0.880943927E+000  0.750876773E+000  0.1683E+000
  0.100000000E+001  0.740971178E+000  0.1705E+000
  0.000000000E+000  0.876940096E+000  0.1424E+000
  0.327874796E-001  0.877556342E+000  0.1425E+000
  0.228754154E+000  0.876423223E+000  0.1406E+000
  0.383800275E+000  0.877234726E+000  0.1422E+000
  0.502421366E+000  0.876586817E+000  0.1410E+000
  0.622645580E+000  0.878668232E+000  0.1418E+000
  0.769820910E+000  0.879029936E+000  0.1399E+000
  0.940267555E+000  0.877463792E+000  0.1424E+000
  0.100000000E+001  0.875840065E+000  0.1422E+000
  0.000000000E+000  0.100000000E+001  0.1000E+000
  0.125000000E+000  0.100000000E+001  0.1000E+000
  0.250000000E+000  0.100000000E+001  0.1000E+000
  0.375000000E+000  0.100000000E+001  0.1000E+000
  0.500000000E+000  0.100000000E+001  0.1000E+000
  0.625000000E+000  0.100000000E+001  0.1000E+000
  0.750000000E+000  0.100000000E+001  0.1000E+000
  0.875000000E+000  0.100000000E+001  0.1000E+000
  0.100000000E+001  0.100000000E+001  0.1000E+000
  0.263292350E+01
STEP  =  33             
CPU   =   0.00(SEC)     
H     = 0.873E-03       
NRE:NJE =    0:400      
  0.000000000E+000  0.000000000E+000  0.0000E+000
  0.125000000E+000  0.000000000E+000  0.0000E+000
  0.250000000E+000  0.000000000E+000  0.0000E+000
  0.375000000E+000  0.000000000E+000  0.0000E+000
  0.500000000E+000  0.000000000E+000  0.0000E+000
  0.625000000E+000  0.000000000E+000  0.0000E+000
  0.750000000E+000  0.000000000E+000  0.0000E+000
  0.875000000E+000  0.000000000E+000  0.0000E+000
  0.100000000E+001  0.000000000E+000  0.0000E+000
  0.000000000E+000  0.129879753E+000  0.7102E-001
  0.414700635E-003  0.129879588E+000  0.7102E-001
  0.245999528E+000  0.129935048E+000  0.6791E-001
  0.481755108E+000  0.128490849E+000  0.7014E-001
  0.490642589E+000  0.128418001E+000  0.7007E-001
  0.498947351E+000  0.128222587E+000  0.6998E-001
  0.756255869E+000  0.124656247E+000  0.6528E-001
  0.999998400E+000  0.131262594E+000  0.7177E-001
  0.100000000E+001  0.131262594E+000  0.7177E-001
  0.000000000E+000  0.282864343E+000  0.1296E+000
  0.108273438E+000  0.264177340E+000  0.1232E+000
  0.247617901E+000  0.256996807E+000  0.1217E+000
  0.393397162E+000  0.262605545E+000  0.1225E+000
  0.498851151E+000  0.277538890E+000  0.1279E+000
  0.612284643E+000  0.256843130E+000  0.1206E+000
  0.762835713E+000  0.243347628E+000  0.1163E+000
  0.872349965E+000  0.263653395E+000  0.1234E+000
  0.100000000E+001  0.288095718E+000  0.1314E+000
  0.000000000E+000  0.391654957E+000  0.1572E+000
  0.148736216E+000  0.386754104E+000  0.1578E+000
  0.253053637E+000  0.386037561E+000  0.1565E+000
  0.367934416E+000  0.387905976E+000  0.1581E+000
  0.514381815E+000  0.390217062E+000  0.1570E+000
  0.666984725E+000  0.377468758E+000  0.1558E+000
  0.693869574E+000  0.383021321E+000  0.1569E+000
  0.719422726E+000  0.388796093E+000  0.1583E+000
  0.100000000E+001  0.397532449E+000  0.1581E+000
  0.000000000E+000  0.505035225E+000  0.1759E+000
  0.125919755E+000  0.507283357E+000  0.1749E+000
  0.246706922E+000  0.510285916E+000  0.1764E+000
  0.378602903E+000  0.510446598E+000  0.1751E+000
  0.532484761E+000  0.511253625E+000  0.1769E+000
  0.597282173E+000  0.510437245E+000  0.1760E+000
  0.625635378E+000  0.509854849E+000  0.1757E+000
  0.766194334E+000  0.508532630E+000  0.1747E+000
  0.100000000E+001  0.508836648E+000  0.1765E+000
  0.000000000E+000  0.622717698E+000  0.1790E+000
  0.109443954E+000  0.626773627E+000  0.1801E+000
  0.238621187E+000  0.630690284E+000  0.1787E+000
  0.371829713E+000  0.632157258E+000  0.1800E+000
  0.521950011E+000  0.634014744E+000  0.1785E+000
  0.685524576E+000  0.641552412E+000  0.1796E+000
  0.711309884E+000  0.635025472E+000  0.1798E+000
  0.737584016E+000  0.628051091E+000  0.1802E+000
  0.100000000E+001  0.620619645E+000  0.1785E+000
  0.000000000E+000  0.731648211E+000  0.1712E+000
  0.915875304E-001  0.747122883E+000  0.1687E+000
  0.225747659E+000  0.753390749E+000  0.1688E+000
  0.373944226E+000  0.753968864E+000  0.1673E+000
  0.506304820E+000  0.753763048E+000  0.1686E+000
  0.648085070E+000  0.760671485E+000  0.1662E+000
  0.787222168E+000  0.769766309E+000  0.1656E+000
  0.882907660E+000  0.750983681E+000  0.1686E+000
  0.100000000E+001  0.729505777E+000  0.1717E+000
  0.000000000E+000  0.877309779E+000  0.1430E+000
  0.146043141E-002  0.877311806E+000  0.1430E+000
  0.224267884E+000  0.876434222E+000  0.1405E+000
  0.389711936E+000  0.877371095E+000  0.1422E+000
  0.502837527E+000  0.877376897E+000  0.1408E+000
  0.615944927E+000  0.880396134E+000  0.1413E+000
  0.781025425E+000  0.882756934E+000  0.1387E+000
  0.993023669E+000  0.877456010E+000  0.1429E+000
  0.100000000E+001  0.877404960E+000  0.1429E+000
  0.000000000E+000  0.100000000E+001  0.1000E+000
  0.125000000E+000  0.100000000E+001  0.1000E+000
  0.250000000E+000  0.100000000E+001  0.1000E+000
  0.375000000E+000  0.100000000E+001  0.1000E+000
  0.500000000E+000  0.100000000E+001  0.1000E+000
  0.625000000E+000  0.100000000E+001  0.1000E+000
  0.750000000E+000  0.100000000E+001  0.1000E+000
  0.875000000E+000  0.100000000E+001  0.1000E+000
  0.100000000E+001  0.100000000E+001  0.1000E+000
