Heat Equation           
-                       
-                       
-                       
     1
u                       
    81   208   128
     1    11
    11    10
    10     1
     1     2
     2    11
     2    12
    12    11
     2     3
     3    12
     3    13
    13    12
     3     4
     4    13
     4    14
    14    13
     4     5
     5    14
     5    15
    15    14
     5     6
     6    15
     6    16
    16    15
     6     7
     7    16
     7    17
    17    16
     7     8
     8    17
     8    18
    18    17
     8     9
     9    18
    19    29
    29    28
    28    19
    19    20
    20    29
    20    30
    30    29
    20    21
    21    30
    21    31
    31    30
    21    22
    22    31
    22    32
    32    31
    22    23
    23    32
    23    33
    33    32
    23    24
    24    33
    24    34
    34    33
    24    25
    25    34
    25    35
    35    34
    25    26
    26    35
    26    36
    36    35
    26    27
    27    36
    37    47
    47    46
    46    37
    37    38
    38    47
    38    48
    48    47
    38    39
    39    48
    39    49
    49    48
    39    40
    40    49
    40    50
    50    49
    40    41
    41    50
    41    51
    51    50
    41    42
    42    51
    42    52
    52    51
    42    43
    43    52
    43    53
    53    52
    43    44
    44    53
    44    54
    54    53
    44    45
    45    54
    55    65
    65    64
    64    55
    55    56
    56    65
    56    66
    66    65
    56    57
    57    66
    57    67
    67    66
    57    58
    58    67
    58    68
    68    67
    58    59
    59    68
    59    69
    69    68
    59    60
    60    69
    60    70
    70    69
    60    61
    61    70
    61    71
    71    70
    61    62
    62    71
    62    72
    72    71
    62    63
    63    72
    11    19
    19    10
    11    20
    12    20
    12    21
    13    21
    13    22
    14    22
    14    23
    15    23
    15    24
    16    24
    16    25
    17    25
    17    26
    18    26
    18    27
    29    37
    37    28
    29    38
    30    38
    30    39
    31    39
    31    40
    32    40
    32    41
    33    41
    33    42
    34    42
    34    43
    35    43
    35    44
    36    44
    36    45
    47    55
    55    46
    47    56
    48    56
    48    57
    49    57
    49    58
    50    58
    50    59
    51    59
    51    60
    52    60
    52    61
    53    61
    53    62
    54    62
    54    63
    65    73
    73    64
    74    73
    65    74
    66    74
    75    74
    66    75
    67    75
    76    75
    67    76
    68    76
    77    76
    68    77
    69    77
    78    77
    69    78
    70    78
    79    78
    70    79
    71    79
    80    79
    71    80
    72    80
    81    80
    72    81
     1    11    10
    11     1     2
     2    12    11
    12     2     3
     3    13    12
    13     3     4
     4    14    13
    14     4     5
     5    15    14
    15     5     6
     6    16    15
    16     6     7
     7    17    16
    17     7     8
     8    18    17
    18     8     9
    19    29    28
    29    19    20
    20    30    29
    30    20    21
    21    31    30
    31    21    22
    22    32    31
    32    22    23
    23    33    32
    33    23    24
    24    34    33
    34    24    25
    25    35    34
    35    25    26
    26    36    35
    36    26    27
    37    47    46
    47    37    38
    38    48    47
    48    38    39
    39    49    48
    49    39    40
    40    50    49
    50    40    41
    41    51    50
    51    41    42
    42    52    51
    52    42    43
    43    53    52
    53    43    44
    44    54    53
    54    44    45
    55    65    64
    65    55    56
    56    66    65
    66    56    57
    57    67    66
    67    57    58
    58    68    67
    68    58    59
    59    69    68
    69    59    60
    60    70    69
    70    60    61
    61    71    70
    71    61    62
    62    72    71
    72    62    63
    10    11    19
    20    19    11
    11    12    20
    21    20    12
    12    13    21
    22    21    13
    13    14    22
    23    22    14
    14    15    23
    24    23    15
    15    16    24
    25    24    16
    16    17    25
    26    25    17
    17    18    26
    27    26    18
    28    29    37
    38    37    29
    29    30    38
    39    38    30
    30    31    39
    40    39    31
    31    32    40
    41    40    32
    32    33    41
    42    41    33
    33    34    42
    43    42    34
    34    35    43
    44    43    35
    35    36    44
    45    44    36
    46    47    55
    56    55    47
    47    48    56
    57    56    48
    48    49    57
    58    57    49
    49    50    58
    59    58    50
    50    51    59
    60    59    51
    51    52    60
    61    60    52
    52    53    61
    62    61    53
    53    54    62
    63    62    54
    64    65    73
    74    73    65
    65    66    74
    75    74    66
    66    67    75
    76    75    67
    67    68    76
    77    76    68
    68    69    77
    78    77    69
    69    70    78
    79    78    70
    70    71    79
    80    79    71
    71    72    80
    81    80    72
  0.000000000E+00
STEP  =   0             
CPU   =   0.00(SEC)     
H     = 0.000E+00       
NRE:NJE =    0:000      
  0.000000000E+000  0.000000000E+000  0.0000E+000
  0.125000000E+000  0.000000000E+000  0.0000E+000
  0.250000000E+000  0.000000000E+000  0.0000E+000
  0.375000000E+000  0.000000000E+000  0.0000E+000
  0.500000000E+000  0.000000000E+000  0.0000E+000
  0.625000000E+000  0.000000000E+000  0.0000E+000
  0.750000000E+000  0.000000000E+000  0.0000E+000
  0.875000000E+000  0.000000000E+000  0.0000E+000
  0.100000000E+001  0.000000000E+000  0.0000E+000
  0.000000000E+000  0.125000000E+000  0.1250E-001
  0.125000000E+000  0.125000000E+000  0.1250E-001
  0.250000000E+000  0.125000000E+000  0.1250E-001
  0.375000000E+000  0.125000000E+000  0.1250E-001
  0.500000000E+000  0.125000000E+000  0.1250E-001
  0.625000000E+000  0.125000000E+000  0.1250E-001
  0.750000000E+000  0.125000000E+000  0.1250E-001
  0.875000000E+000  0.125000000E+000  0.1250E-001
  0.100000000E+001  0.125000000E+000  0.1250E-001
  0.000000000E+000  0.250000000E+000  0.2500E-001
  0.125000000E+000  0.250000000E+000  0.2500E-001
  0.250000000E+000  0.250000000E+000  0.2500E-001
  0.375000000E+000  0.250000000E+000  0.2500E-001
  0.500000000E+000  0.250000000E+000  0.2500E-001
  0.625000000E+000  0.250000000E+000  0.2500E-001
  0.750000000E+000  0.250000000E+000  0.2500E-001
  0.875000000E+000  0.250000000E+000  0.2500E-001
  0.100000000E+001  0.250000000E+000  0.2500E-001
  0.000000000E+000  0.375000000E+000  0.3750E-001
  0.125000000E+000  0.375000000E+000  0.3750E-001
  0.250000000E+000  0.375000000E+000  0.3750E-001
  0.375000000E+000  0.375000000E+000  0.3750E-001
  0.500000000E+000  0.375000000E+000  0.3750E-001
  0.625000000E+000  0.375000000E+000  0.3750E-001
  0.750000000E+000  0.375000000E+000  0.3750E-001
  0.875000000E+000  0.375000000E+000  0.3750E-001
  0.100000000E+001  0.375000000E+000  0.3750E-001
  0.000000000E+000  0.500000000E+000  0.5000E-001
  0.125000000E+000  0.500000000E+000  0.5000E-001
  0.250000000E+000  0.500000000E+000  0.5000E-001
  0.375000000E+000  0.500000000E+000  0.5000E-001
  0.500000000E+000  0.500000000E+000  0.5000E-001
  0.625000000E+000  0.500000000E+000  0.5000E-001
  0.750000000E+000  0.500000000E+000  0.5000E-001
  0.875000000E+000  0.500000000E+000  0.5000E-001
  0.100000000E+001  0.500000000E+000  0.5000E-001
  0.000000000E+000  0.625000000E+000  0.6250E-001
  0.125000000E+000  0.625000000E+000  0.6250E-001
  0.250000000E+000  0.625000000E+000  0.6250E-001
  0.375000000E+000  0.625000000E+000  0.6250E-001
  0.500000000E+000  0.625000000E+000  0.6250E-001
  0.625000000E+000  0.625000000E+000  0.6250E-001
  0.750000000E+000  0.625000000E+000  0.6250E-001
  0.875000000E+000  0.625000000E+000  0.6250E-001
  0.100000000E+001  0.625000000E+000  0.6250E-001
  0.000000000E+000  0.750000000E+000  0.7500E-001
  0.125000000E+000  0.750000000E+000  0.7500E-001
  0.250000000E+000  0.750000000E+000  0.7500E-001
  0.375000000E+000  0.750000000E+000  0.7500E-001
  0.500000000E+000  0.750000000E+000  0.7500E-001
  0.625000000E+000  0.750000000E+000  0.7500E-001
  0.750000000E+000  0.750000000E+000  0.7500E-001
  0.875000000E+000  0.750000000E+000  0.7500E-001
  0.100000000E+001  0.750000000E+000  0.7500E-001
  0.000000000E+000  0.875000000E+000  0.8750E-001
  0.125000000E+000  0.875000000E+000  0.8750E-001
  0.250000000E+000  0.875000000E+000  0.8750E-001
  0.375000000E+000  0.875000000E+000  0.8750E-001
  0.500000000E+000  0.875000000E+000  0.8750E-001
  0.625000000E+000  0.875000000E+000  0.8750E-001
  0.750000000E+000  0.875000000E+000  0.8750E-001
  0.875000000E+000  0.875000000E+000  0.8750E-001
  0.100000000E+001  0.875000000E+000  0.8750E-001
  0.000000000E+000  0.100000000E+001  0.1000E+000
  0.125000000E+000  0.100000000E+001  0.1000E+000
  0.250000000E+000  0.100000000E+001  0.1000E+000
  0.375000000E+000  0.100000000E+001  0.1000E+000
  0.500000000E+000  0.100000000E+001  0.1000E+000
  0.625000000E+000  0.100000000E+001  0.1000E+000
  0.750000000E+000  0.100000000E+001  0.1000E+000
  0.875000000E+000  0.100000000E+001  0.1000E+000
  0.100000000E+001  0.100000000E+001  0.1000E+000
  0.393253512E-01
STEP  =   4             
CPU   =   0.00(SEC)     
H     = 0.425E-02       
NRE:NJE =    0:058      
  0.000000000E+000  0.000000000E+000  0.0000E+000
  0.125000000E+000  0.000000000E+000  0.0000E+000
  0.250000000E+000  0.000000000E+000  0.0000E+000
  0.375000000E+000  0.000000000E+000  0.0000E+000
  0.500000000E+000  0.000000000E+000  0.0000E+000
  0.625000000E+000  0.000000000E+000  0.0000E+000
  0.750000000E+000  0.000000000E+000  0.0000E+000
  0.875000000E+000  0.000000000E+000  0.0000E+000
  0.100000000E+001  0.000000000E+000  0.0000E+000
  0.000000000E+000  0.778539606E-001  0.2198E-001
  0.138045941E+000  0.754882960E-001  0.2183E-001
  0.255930767E+000  0.766688680E-001  0.2224E-001
  0.376574700E+000  0.766254250E-001  0.2224E-001
  0.500114116E+000  0.763780945E-001  0.2216E-001
  0.624859355E+000  0.762197434E-001  0.2211E-001
  0.752229867E+000  0.761511438E-001  0.2208E-001
  0.885118589E+000  0.762295633E-001  0.2220E-001
  0.100000000E+001  0.756133691E-001  0.2257E-001
  0.000000000E+000  0.170851139E+000  0.4372E-001
  0.123382927E+000  0.172229983E+000  0.4359E-001
  0.252152332E+000  0.171581551E+000  0.4344E-001
  0.376867971E+000  0.170942858E+000  0.4334E-001
  0.500342169E+000  0.170591413E+000  0.4328E-001
  0.623036601E+000  0.170392101E+000  0.4326E-001
  0.743713097E+000  0.170723110E+000  0.4331E-001
  0.864410432E+000  0.172295706E+000  0.4352E-001
  0.100000000E+001  0.173888300E+000  0.4354E-001
  0.000000000E+000  0.311944346E+000  0.6591E-001
  0.131005657E+000  0.307405868E+000  0.6559E-001
  0.254422628E+000  0.305578504E+000  0.6544E-001
  0.377290689E+000  0.304964559E+000  0.6538E-001
  0.500437815E+000  0.304712762E+000  0.6536E-001
  0.623734909E+000  0.304655023E+000  0.6535E-001
  0.747624122E+000  0.304816163E+000  0.6539E-001
  0.873640576E+000  0.304582116E+000  0.6541E-001
  0.100000000E+001  0.300903674E+000  0.6522E-001
  0.000000000E+000  0.499737367E+000  0.8855E-001
  0.126738502E+000  0.499756108E+000  0.8833E-001
  0.252434636E+000  0.499764298E+000  0.8831E-001
  0.376622896E+000  0.499770385E+000  0.8831E-001
  0.500157352E+000  0.499775328E+000  0.8832E-001
  0.623478476E+000  0.499778659E+000  0.8832E-001
  0.746911081E+000  0.499781405E+000  0.8831E-001
  0.871311408E+000  0.499787676E+000  0.8825E-001
  0.100000000E+001  0.499805985E+000  0.8801E-001
  0.000000000E+000  0.688077980E+000  0.1035E+000
  0.131072941E+000  0.692644005E+000  0.1041E+000
  0.254476419E+000  0.694487101E+000  0.1043E+000
  0.377316883E+000  0.695112564E+000  0.1044E+000
  0.500440779E+000  0.695374925E+000  0.1044E+000
  0.623712086E+000  0.695437321E+000  0.1044E+000
  0.747575599E+000  0.695270724E+000  0.1044E+000
  0.873603391E+000  0.695496304E+000  0.1045E+000
  0.100000000E+001  0.699185419E+000  0.1050E+000
  0.000000000E+000  0.829708810E+000  0.1096E+000
  0.123371011E+000  0.828326026E+000  0.1091E+000
  0.252191122E+000  0.828988792E+000  0.1091E+000
  0.376889098E+000  0.829643306E+000  0.1092E+000
  0.500345235E+000  0.830001978E+000  0.1092E+000
  0.623008705E+000  0.830205185E+000  0.1092E+000
  0.743598384E+000  0.829861020E+000  0.1092E+000
  0.864243832E+000  0.828230608E+000  0.1091E+000
  0.100000000E+001  0.826626183E+000  0.1088E+000
  0.000000000E+000  0.922571059E+000  0.1064E+000
  0.138188679E+000  0.924956819E+000  0.1067E+000
  0.255960011E+000  0.923801107E+000  0.1069E+000
  0.376557016E+000  0.923866101E+000  0.1069E+000
  0.500097532E+000  0.924121363E+000  0.1069E+000
  0.624831402E+000  0.924282701E+000  0.1068E+000
  0.752204819E+000  0.924356289E+000  0.1068E+000
  0.885243010E+000  0.924274161E+000  0.1069E+000
  0.100000000E+001  0.924851898E+000  0.1074E+000
  0.000000000E+000  0.100000000E+001  0.1000E+000
  0.125000000E+000  0.100000000E+001  0.1000E+000
  0.250000000E+000  0.100000000E+001  0.1000E+000
  0.375000000E+000  0.100000000E+001  0.1000E+000
  0.500000000E+000  0.100000000E+001  0.1000E+000
  0.625000000E+000  0.100000000E+001  0.1000E+000
  0.750000000E+000  0.100000000E+001  0.1000E+000
  0.875000000E+000  0.100000000E+001  0.1000E+000
  0.100000000E+001  0.100000000E+001  0.1000E+000
  0.143697638E+00
STEP  =   7             
CPU   =   0.00(SEC)     
H     = 0.462E-02       
NRE:NJE =    0:121      
  0.000000000E+000  0.000000000E+000  0.0000E+000
  0.125000000E+000  0.000000000E+000  0.0000E+000
  0.250000000E+000  0.000000000E+000  0.0000E+000
  0.375000000E+000  0.000000000E+000  0.0000E+000
  0.500000000E+000  0.000000000E+000  0.0000E+000
  0.625000000E+000  0.000000000E+000  0.0000E+000
  0.750000000E+000  0.000000000E+000  0.0000E+000
  0.875000000E+000  0.000000000E+000  0.0000E+000
  0.100000000E+001  0.000000000E+000  0.0000E+000
  0.000000000E+000  0.115357428E+000  0.5031E-001
  0.251479400E+000  0.111673116E+000  0.5012E-001
  0.361077560E+000  0.115459862E+000  0.5254E-001
  0.384337642E+000  0.114026516E+000  0.5210E-001
  0.455407278E+000  0.102805432E+000  0.4704E-001
  0.587964832E+000  0.955975128E-001  0.4335E-001
  0.744881998E+000  0.101176170E+000  0.4567E-001
  0.929225314E+000  0.107401595E+000  0.4901E-001
  0.100000000E+001  0.110579683E+000  0.5107E-001
  0.000000000E+000  0.237670392E+000  0.9436E-001
  0.113000904E+000  0.237045900E+000  0.9314E-001
  0.341799791E+000  0.235330569E+000  0.9210E-001
  0.511748384E+000  0.226218314E+000  0.9033E-001
  0.576504245E+000  0.227013786E+000  0.9142E-001
  0.582435159E+000  0.227920867E+000  0.9174E-001
  0.605173807E+000  0.230008417E+000  0.9206E-001
  0.745076502E+000  0.232608019E+000  0.9184E-001
  0.100000000E+001  0.234222163E+000  0.9178E-001
  0.000000000E+000  0.368574123E+000  0.1241E+000
  0.283990597E+000  0.366950986E+000  0.1244E+000
  0.423537443E+000  0.365151368E+000  0.1252E+000
  0.437639728E+000  0.364867725E+000  0.1253E+000
  0.449195913E+000  0.365343199E+000  0.1253E+000
  0.532148886E+000  0.365159200E+000  0.1242E+000
  0.679001486E+000  0.363992596E+000  0.1235E+000
  0.887235816E+000  0.364440932E+000  0.1244E+000
  0.100000000E+001  0.364936240E+000  0.1257E+000
  0.000000000E+000  0.504812464E+000  0.1458E+000
  0.120475220E+000  0.504829912E+000  0.1447E+000
  0.329062413E+000  0.504770925E+000  0.1440E+000
  0.475143446E+000  0.504660530E+000  0.1444E+000
  0.569482907E+000  0.504818757E+000  0.1455E+000
  0.584023881E+000  0.504899695E+000  0.1457E+000
  0.596077072E+000  0.504950342E+000  0.1456E+000
  0.725830228E+000  0.504966131E+000  0.1446E+000
  0.100000000E+001  0.504864440E+000  0.1439E+000
  0.000000000E+000  0.640046857E+000  0.1504E+000
  0.284187119E+000  0.641853727E+000  0.1511E+000
  0.425273748E+000  0.643649421E+000  0.1522E+000
  0.439012676E+000  0.643872941E+000  0.1524E+000
  0.449468246E+000  0.643428035E+000  0.1522E+000
  0.530025837E+000  0.643631602E+000  0.1512E+000
  0.676142970E+000  0.644971273E+000  0.1507E+000
  0.886473442E+000  0.644609111E+000  0.1515E+000
  0.100000000E+001  0.644061556E+000  0.1527E+000
  0.000000000E+000  0.768850848E+000  0.1462E+000
  0.114109108E+000  0.769529141E+000  0.1451E+000
  0.345020858E+000  0.771254308E+000  0.1444E+000
  0.512189819E+000  0.780718443E+000  0.1444E+000
  0.575180954E+000  0.779746529E+000  0.1453E+000
  0.580767704E+000  0.778853749E+000  0.1454E+000
  0.602995157E+000  0.776829549E+000  0.1453E+000
  0.745186356E+000  0.774185229E+000  0.1446E+000
  0.100000000E+001  0.772375642E+000  0.1443E+000
  0.000000000E+000  0.888117552E+000  0.1266E+000
  0.248966206E+000  0.891759762E+000  0.1271E+000
  0.359779652E+000  0.887870049E+000  0.1288E+000
  0.383140387E+000  0.889491455E+000  0.1285E+000
  0.458289154E+000  0.901219238E+000  0.1256E+000
  0.588029929E+000  0.908146556E+000  0.1235E+000
  0.740775407E+000  0.902485578E+000  0.1247E+000
  0.927302770E+000  0.896133194E+000  0.1268E+000
  0.100000000E+001  0.892912920E+000  0.1282E+000
  0.000000000E+000  0.100000000E+001  0.1000E+000
  0.125000000E+000  0.100000000E+001  0.1000E+000
  0.250000000E+000  0.100000000E+001  0.1000E+000
  0.375000000E+000  0.100000000E+001  0.1000E+000
  0.500000000E+000  0.100000000E+001  0.1000E+000
  0.625000000E+000  0.100000000E+001  0.1000E+000
  0.750000000E+000  0.100000000E+001  0.1000E+000
  0.875000000E+000  0.100000000E+001  0.1000E+000
  0.100000000E+001  0.100000000E+001  0.1000E+000
  0.209898483E+00
STEP  =   9             
CPU   =   0.00(SEC)     
H     = 0.240E-02       
NRE:NJE =    0:180      
  0.000000000E+000  0.000000000E+000  0.0000E+000
  0.125000000E+000  0.000000000E+000  0.0000E+000
  0.250000000E+000  0.000000000E+000  0.0000E+000
  0.375000000E+000  0.000000000E+000  0.0000E+000
  0.500000000E+000  0.000000000E+000  0.0000E+000
  0.625000000E+000  0.000000000E+000  0.0000E+000
  0.750000000E+000  0.000000000E+000  0.0000E+000
  0.875000000E+000  0.000000000E+000  0.0000E+000
  0.100000000E+001  0.000000000E+000  0.0000E+000
  0.000000000E+000  0.123049955E+000  0.5860E-001
  0.298833535E+000  0.118662815E+000  0.5865E-001
  0.387643080E+000  0.120759732E+000  0.6049E-001
  0.388037484E+000  0.120723859E+000  0.6048E-001
  0.420970923E+000  0.113999914E+000  0.5720E-001
  0.578325161E+000  0.104551765E+000  0.5164E-001
  0.767484008E+000  0.107847730E+000  0.5328E-001
  0.952056246E+000  0.112506424E+000  0.5652E-001
  0.100000000E+001  0.114717004E+000  0.5809E-001
  0.000000000E+000  0.248990152E+000  0.1080E+000
  0.101339069E+000  0.248189855E+000  0.1069E+000
  0.357384682E+000  0.247451368E+000  0.1058E+000
  0.555701331E+000  0.240573156E+000  0.1049E+000
  0.620738750E+000  0.239982827E+000  0.1055E+000
  0.620753170E+000  0.239983429E+000  0.1055E+000
  0.622683894E+000  0.240116372E+000  0.1055E+000
  0.747255640E+000  0.241236142E+000  0.1048E+000
  0.100000000E+001  0.242388548E+000  0.1043E+000
  0.000000000E+000  0.376826211E+000  0.1391E+000
  0.304307380E+000  0.375528557E+000  0.1400E+000
  0.431303683E+000  0.374665139E+000  0.1410E+000
  0.431564391E+000  0.374664811E+000  0.1410E+000
  0.432743190E+000  0.374704817E+000  0.1410E+000
  0.552874353E+000  0.373780570E+000  0.1395E+000
  0.706575011E+000  0.372151990E+000  0.1387E+000
  0.922651573E+000  0.372108677E+000  0.1399E+000
  0.100000000E+001  0.372259958E+000  0.1408E+000
  0.000000000E+000  0.505899211E+000  0.1607E+000
  0.102376835E+000  0.505911042E+000  0.1597E+000
  0.332276275E+000  0.505878909E+000  0.1588E+000
  0.494654656E+000  0.505807987E+000  0.1592E+000
  0.635068678E+000  0.505939769E+000  0.1607E+000
  0.636192728E+000  0.505943882E+000  0.1607E+000
  0.636244522E+000  0.505944195E+000  0.1607E+000
  0.737991782E+000  0.505956570E+000  0.1598E+000
  0.100000000E+001  0.505870311E+000  0.1588E+000
  0.000000000E+000  0.633872022E+000  0.1637E+000
  0.303986816E+000  0.635331513E+000  0.1647E+000
  0.433257496E+000  0.636190460E+000  0.1659E+000
  0.433518678E+000  0.636189693E+000  0.1659E+000
  0.434537305E+000  0.636153804E+000  0.1659E+000
  0.550933511E+000  0.637077676E+000  0.1646E+000
  0.703405106E+000  0.638861763E+000  0.1641E+000
  0.921642366E+000  0.638914094E+000  0.1653E+000
  0.100000000E+001  0.638728321E+000  0.1662E+000
  0.000000000E+000  0.759362080E+000  0.1572E+000
  0.102765693E+000  0.760176526E+000  0.1562E+000
  0.360588243E+000  0.760726491E+000  0.1554E+000
  0.556414631E+000  0.768031531E+000  0.1557E+000
  0.618122117E+000  0.768604540E+000  0.1563E+000
  0.618132488E+000  0.768604004E+000  0.1563E+000
  0.619977594E+000  0.768480677E+000  0.1563E+000
  0.747629027E+000  0.767231530E+000  0.1555E+000
  0.100000000E+001  0.765815564E+000  0.1548E+000
  0.000000000E+000  0.881481850E+000  0.1330E+000
  0.295134187E+000  0.885796915E+000  0.1338E+000
  0.386963524E+000  0.883546985E+000  0.1353E+000
  0.387357599E+000  0.883585692E+000  0.1353E+000
  0.424650447E+000  0.891162580E+000  0.1331E+000
  0.578541056E+000  0.900266880E+000  0.1296E+000
  0.760965600E+000  0.896801244E+000  0.1306E+000
  0.948686508E+000  0.891934140E+000  0.1328E+000
  0.100000000E+001  0.889602405E+000  0.1340E+000
  0.000000000E+000  0.100000000E+001  0.1000E+000
  0.125000000E+000  0.100000000E+001  0.1000E+000
  0.250000000E+000  0.100000000E+001  0.1000E+000
  0.375000000E+000  0.100000000E+001  0.1000E+000
  0.500000000E+000  0.100000000E+001  0.1000E+000
  0.625000000E+000  0.100000000E+001  0.1000E+000
  0.750000000E+000  0.100000000E+001  0.1000E+000
  0.875000000E+000  0.100000000E+001  0.1000E+000
  0.100000000E+001  0.100000000E+001  0.1000E+000
  0.233296162E+00
STEP  =  24             
CPU   =   0.00(SEC)     
H     = 0.976E-03       
NRE:NJE =    0:316      
  0.000000000E+000  0.000000000E+000  0.0000E+000
  0.125000000E+000  0.000000000E+000  0.0000E+000
  0.250000000E+000  0.000000000E+000  0.0000E+000
  0.375000000E+000  0.000000000E+000  0.0000E+000
  0.500000000E+000  0.000000000E+000  0.0000E+000
  0.625000000E+000  0.000000000E+000  0.0000E+000
  0.750000000E+000  0.000000000E+000  0.0000E+000
  0.875000000E+000  0.000000000E+000  0.0000E+000
  0.100000000E+001  0.000000000E+000  0.0000E+000
  0.000000000E+000  0.124594846E+000  0.6046E-001
  0.310033482E+000  0.120161080E+000  0.6061E-001
  0.391649801E+000  0.121962666E+000  0.6229E-001
  0.391728202E+000  0.121955289E+000  0.6228E-001
  0.416537863E+000  0.116651268E+000  0.5966E-001
  0.577120707E+000  0.107136869E+000  0.5387E-001
  0.776706054E+000  0.109814981E+000  0.5527E-001
  0.959349871E+000  0.113997655E+000  0.5846E-001
  0.100000000E+001  0.115818694E+000  0.5981E-001
  0.000000000E+000  0.251110364E+000  0.1110E+000
  0.985398954E-001  0.250241098E+000  0.1099E+000
  0.361445966E+000  0.249290946E+000  0.1087E+000
  0.564421313E+000  0.243504426E+000  0.1081E+000
  0.632386448E+000  0.242839241E+000  0.1087E+000
  0.632390033E+000  0.242839325E+000  0.1087E+000
  0.633125598E+000  0.242887751E+000  0.1087E+000
  0.751819616E+000  0.243610804E+000  0.1079E+000
  0.100000000E+001  0.244356986E+000  0.1072E+000
  0.000000000E+000  0.378282452E+000  0.1424E+000
  0.307485354E+000  0.377006143E+000  0.1434E+000
  0.429252802E+000  0.376255632E+000  0.1444E+000
  0.429300986E+000  0.376256003E+000  0.1444E+000
  0.429891776E+000  0.376276322E+000  0.1444E+000
  0.561272338E+000  0.375484876E+000  0.1428E+000
  0.713839935E+000  0.374001107E+000  0.1421E+000
  0.931628129E+000  0.373904851E+000  0.1434E+000
  0.100000000E+001  0.373977571E+000  0.1442E+000
  0.000000000E+000  0.506097690E+000  0.1640E+000
  0.978241584E-001  0.506106432E+000  0.1630E+000
  0.331943467E+000  0.506073151E+000  0.1621E+000
  0.494965081E+000  0.505997284E+000  0.1625E+000
  0.647744984E+000  0.506124031E+000  0.1640E+000
  0.648234531E+000  0.506125670E+000  0.1640E+000
  0.648240010E+000  0.506125704E+000  0.1640E+000
  0.743008069E+000  0.506133106E+000  0.1632E+000
  0.100000000E+001  0.506050838E+000  0.1621E+000
  0.000000000E+000  0.632801692E+000  0.1667E+000
  0.307121800E+000  0.634239007E+000  0.1678E+000
  0.431378689E+000  0.634988157E+000  0.1690E+000
  0.431428366E+000  0.634987583E+000  0.1690E+000
  0.431935517E+000  0.634969317E+000  0.1689E+000
  0.559304272E+000  0.635743823E+000  0.1676E+000
  0.710783918E+000  0.637369747E+000  0.1671E+000
  0.930609975E+000  0.637471588E+000  0.1684E+000
  0.100000000E+001  0.637371066E+000  0.1692E+000
  0.000000000E+000  0.757594929E+000  0.1597E+000
  0.100028677E+000  0.758472351E+000  0.1587E+000
  0.364480858E+000  0.759214471E+000  0.1578E+000
  0.565497548E+000  0.765428837E+000  0.1582E+000
  0.629790573E+000  0.766082135E+000  0.1589E+000
  0.629793137E+000  0.766082058E+000  0.1589E+000
  0.630485324E+000  0.766038230E+000  0.1589E+000
  0.752328768E+000  0.765180603E+000  0.1580E+000
  0.100000000E+001  0.764163843E+000  0.1572E+000
  0.000000000E+000  0.880151321E+000  0.1345E+000
  0.306219758E+000  0.884515568E+000  0.1354E+000
  0.391406466E+000  0.882562137E+000  0.1367E+000
  0.391486049E+000  0.882570072E+000  0.1367E+000
  0.420190344E+000  0.888723092E+000  0.1349E+000
  0.576840612E+000  0.897892440E+000  0.1312E+000
  0.769591610E+000  0.895024792E+000  0.1321E+000
  0.955756328E+000  0.890634802E+000  0.1344E+000
  0.100000000E+001  0.888680970E+000  0.1354E+000
  0.000000000E+000  0.100000000E+001  0.1000E+000
  0.125000000E+000  0.100000000E+001  0.1000E+000
  0.250000000E+000  0.100000000E+001  0.1000E+000
  0.375000000E+000  0.100000000E+001  0.1000E+000
  0.500000000E+000  0.100000000E+001  0.1000E+000
  0.625000000E+000  0.100000000E+001  0.1000E+000
  0.750000000E+000  0.100000000E+001  0.1000E+000
  0.875000000E+000  0.100000000E+001  0.1000E+000
  0.100000000E+001  0.100000000E+001  0.1000E+000
  0.250753158E+00
STEP  =  33             
CPU   =   0.00(SEC)     
H     = 0.508E-03       
NRE:NJE =    0:434      
  0.000000000E+000  0.000000000E+000  0.0000E+000
  0.125000000E+000  0.000000000E+000  0.0000E+000
  0.250000000E+000  0.000000000E+000  0.0000E+000
  0.375000000E+000  0.000000000E+000  0.0000E+000
  0.500000000E+000  0.000000000E+000  0.0000E+000
  0.625000000E+000  0.000000000E+000  0.0000E+000
  0.750000000E+000  0.000000000E+000  0.0000E+000
  0.875000000E+000  0.000000000E+000  0.0000E+000
  0.100000000E+001  0.000000000E+000  0.0000E+000
  0.000000000E+000  0.125517557E+000  0.6159E-001
  0.317470230E+000  0.121068746E+000  0.6182E-001
  0.394241603E+000  0.122689537E+000  0.6338E-001
  0.394264618E+000  0.122687306E+000  0.6338E-001
  0.414444037E+000  0.118252509E+000  0.6116E-001
  0.576834724E+000  0.108738805E+000  0.5527E-001
  0.783360932E+000  0.110997821E+000  0.5651E-001
  0.964372031E+000  0.114899494E+000  0.5966E-001
  0.100000000E+001  0.116457429E+000  0.6085E-001
  0.000000000E+000  0.252351161E+000  0.1129E+000
  0.967753739E-001  0.251436773E+000  0.1117E+000
  0.364354004E+000  0.250337916E+000  0.1104E+000
  0.569772997E+000  0.245219663E+000  0.1101E+000
  0.639953060E+000  0.244515031E+000  0.1106E+000
  0.639954292E+000  0.244515042E+000  0.1106E+000
  0.640302215E+000  0.244537793E+000  0.1106E+000
  0.755108668E+000  0.245032881E+000  0.1098E+000
  0.100000000E+001  0.245517421E+000  0.1089E+000
  0.000000000E+000  0.379124235E+000  0.1445E+000
  0.309459914E+000  0.377855532E+000  0.1455E+000
  0.427497986E+000  0.377167340E+000  0.1464E+000
  0.427510343E+000  0.377167520E+000  0.1464E+000
  0.427865740E+000  0.377180025E+000  0.1464E+000
  0.566900007E+000  0.376456409E+000  0.1449E+000
  0.718189442E+000  0.375086263E+000  0.1442E+000
  0.937369573E+000  0.374947514E+000  0.1455E+000
  0.100000000E+001  0.374982134E+000  0.1463E+000
  0.000000000E+000  0.506210757E+000  0.1660E+000
  0.948953465E-001  0.506217161E+000  0.1651E+000
  0.331637038E+000  0.506183359E+000  0.1641E+000
  0.494341765E+000  0.506102774E+000  0.1645E+000
  0.655401897E+000  0.506225146E+000  0.1661E+000
  0.655661299E+000  0.506225961E+000  0.1661E+000
  0.655662391E+000  0.506225968E+000  0.1661E+000
  0.746227484E+000  0.506230012E+000  0.1652E+000
  0.100000000E+001  0.506150176E+000  0.1641E+000
  0.000000000E+000  0.632181866E+000  0.1685E+000
  0.309077864E+000  0.633610391E+000  0.1697E+000
  0.429741870E+000  0.634298732E+000  0.1708E+000
  0.429754965E+000  0.634298493E+000  0.1708E+000
  0.430058895E+000  0.634287232E+000  0.1708E+000
  0.564916717E+000  0.634981566E+000  0.1694E+000
  0.715243507E+000  0.636479307E+000  0.1690E+000
  0.936358415E+000  0.636624973E+000  0.1703E+000
  0.100000000E+001  0.636566113E+000  0.1710E+000
  0.000000000E+000  0.756561235E+000  0.1612E+000
  0.983059149E-001  0.757480638E+000  0.1602E+000
  0.367264855E+000  0.758360805E+000  0.1593E+000
  0.571147280E+000  0.763898699E+000  0.1598E+000
  0.637433022E+000  0.764592441E+000  0.1604E+000
  0.637433917E+000  0.764592430E+000  0.1604E+000
  0.637756189E+000  0.764572239E+000  0.1604E+000
  0.755735957E+000  0.763940920E+000  0.1596E+000
  0.100000000E+001  0.763184794E+000  0.1587E+000
  0.000000000E+000  0.879356534E+000  0.1354E+000
  0.313604799E+000  0.883742271E+000  0.1363E+000
  0.394299036E+000  0.881974560E+000  0.1376E+000
  0.394322851E+000  0.881976985E+000  0.1376E+000
  0.418052844E+000  0.887236883E+000  0.1360E+000
  0.576029987E+000  0.896393802E+000  0.1322E+000
  0.775850935E+000  0.893948194E+000  0.1330E+000
  0.960711994E+000  0.889841941E+000  0.1353E+000
  0.100000000E+001  0.888148711E+000  0.1363E+000
  0.000000000E+000  0.100000000E+001  0.1000E+000
  0.125000000E+000  0.100000000E+001  0.1000E+000
  0.250000000E+000  0.100000000E+001  0.1000E+000
  0.375000000E+000  0.100000000E+001  0.1000E+000
  0.500000000E+000  0.100000000E+001  0.1000E+000
  0.625000000E+000  0.100000000E+001  0.1000E+000
  0.750000000E+000  0.100000000E+001  0.1000E+000
  0.875000000E+000  0.100000000E+001  0.1000E+000
  0.100000000E+001  0.100000000E+001  0.1000E+000
