Heat Equation           
-                       
-                       
-                       
     1
u                       
    81   208   128
     1    11
    11    10
    10     1
     1     2
     2    11
     3    13
    13    12
    12     3
     3     4
     4    13
     5    15
    15    14
    14     5
     5     6
     6    15
     7    17
    17    16
    16     7
     7     8
     8    17
    10    20
    20    19
    19    10
    11    20
    12    22
    22    21
    21    12
    13    22
    14    24
    24    23
    23    14
    15    24
    16    26
    26    25
    25    16
    17    26
    19    29
    29    28
    28    19
    20    29
    21    31
    31    30
    30    21
    22    31
    23    33
    33    32
    32    23
    24    33
    25    35
    35    34
    34    25
    26    35
    28    38
    38    37
    37    28
    29    38
    30    40
    40    39
    39    30
    31    40
    32    42
    42    41
    41    32
    33    42
    34    44
    44    43
    43    34
    35    44
    37    47
    47    46
    46    37
    38    47
    39    49
    49    48
    48    39
    40    49
    41    51
    51    50
    50    41
    42    51
    43    53
    53    52
    52    43
    44    53
    46    56
    56    55
    55    46
    47    56
    48    58
    58    57
    57    48
    49    58
    50    60
    60    59
    59    50
    51    60
    52    62
    62    61
    61    52
    53    62
    55    65
    65    64
    64    55
    56    65
    57    67
    67    66
    66    57
    58    67
    59    69
    69    68
    68    59
    60    69
    61    71
    71    70
    70    61
    62    71
    64    74
    74    73
    73    64
    65    74
    66    76
    76    75
    75    66
    67    76
    68    78
    78    77
    77    68
    69    78
    70    80
    80    79
    79    70
    71    80
     2     3
     3    11
    12    11
     4     5
     5    13
    14    13
     6     7
     7    15
    16    15
     8     9
     9    17
    18    17
     9    18
    12    20
    21    20
    14    22
    23    22
    16    24
    25    24
    18    26
    27    26
    18    27
    21    29
    30    29
    23    31
    32    31
    25    33
    34    33
    27    35
    36    35
    27    36
    30    38
    39    38
    32    40
    41    40
    34    42
    43    42
    36    44
    45    44
    36    45
    39    47
    48    47
    41    49
    50    49
    43    51
    52    51
    45    53
    54    53
    45    54
    48    56
    57    56
    50    58
    59    58
    52    60
    61    60
    54    62
    63    62
    54    63
    57    65
    66    65
    59    67
    68    67
    61    69
    70    69
    63    71
    72    71
    63    72
    66    74
    75    74
    68    76
    77    76
    70    78
    79    78
    72    80
    81    80
    72    81
     1    11    10
    11     1     2
     3    13    12
    13     3     4
     5    15    14
    15     5     6
     7    17    16
    17     7     8
    10    20    19
    20    10    11
    12    22    21
    22    12    13
    14    24    23
    24    14    15
    16    26    25
    26    16    17
    19    29    28
    29    19    20
    21    31    30
    31    21    22
    23    33    32
    33    23    24
    25    35    34
    35    25    26
    28    38    37
    38    28    29
    30    40    39
    40    30    31
    32    42    41
    42    32    33
    34    44    43
    44    34    35
    37    47    46
    47    37    38
    39    49    48
    49    39    40
    41    51    50
    51    41    42
    43    53    52
    53    43    44
    46    56    55
    56    46    47
    48    58    57
    58    48    49
    50    60    59
    60    50    51
    52    62    61
    62    52    53
    55    65    64
    65    55    56
    57    67    66
    67    57    58
    59    69    68
    69    59    60
    61    71    70
    71    61    62
    64    74    73
    74    64    65
    66    76    75
    76    66    67
    68    78    77
    78    68    69
    70    80    79
    80    70    71
     2     3    11
    12    11     3
     4     5    13
    14    13     5
     6     7    15
    16    15     7
     8     9    17
    18    17     9
    11    12    20
    21    20    12
    13    14    22
    23    22    14
    15    16    24
    25    24    16
    17    18    26
    27    26    18
    20    21    29
    30    29    21
    22    23    31
    32    31    23
    24    25    33
    34    33    25
    26    27    35
    36    35    27
    29    30    38
    39    38    30
    31    32    40
    41    40    32
    33    34    42
    43    42    34
    35    36    44
    45    44    36
    38    39    47
    48    47    39
    40    41    49
    50    49    41
    42    43    51
    52    51    43
    44    45    53
    54    53    45
    47    48    56
    57    56    48
    49    50    58
    59    58    50
    51    52    60
    61    60    52
    53    54    62
    63    62    54
    56    57    65
    66    65    57
    58    59    67
    68    67    59
    60    61    69
    70    69    61
    62    63    71
    72    71    63
    65    66    74
    75    74    66
    67    68    76
    77    76    68
    69    70    78
    79    78    70
    71    72    80
    81    80    72
  0.000000000E+00
STEP  =   0             
CPU   =   0.00(SEC)     
H     = 0.000E+00       
NRE:NJE =    0:000      
  0.000000000E+000  0.000000000E+000  0.0000E+000
  0.125000000E+000  0.000000000E+000  0.0000E+000
  0.250000000E+000  0.000000000E+000  0.0000E+000
  0.375000000E+000  0.000000000E+000  0.0000E+000
  0.500000000E+000  0.000000000E+000  0.0000E+000
  0.625000000E+000  0.000000000E+000  0.0000E+000
  0.750000000E+000  0.000000000E+000  0.0000E+000
  0.875000000E+000  0.000000000E+000  0.0000E+000
  0.100000000E+001  0.000000000E+000  0.0000E+000
  0.000000000E+000  0.125000000E+000  0.1250E-001
  0.125000000E+000  0.125000000E+000  0.1250E-001
  0.250000000E+000  0.125000000E+000  0.1250E-001
  0.375000000E+000  0.125000000E+000  0.1250E-001
  0.500000000E+000  0.125000000E+000  0.1250E-001
  0.625000000E+000  0.125000000E+000  0.1250E-001
  0.750000000E+000  0.125000000E+000  0.1250E-001
  0.875000000E+000  0.125000000E+000  0.1250E-001
  0.100000000E+001  0.125000000E+000  0.1250E-001
  0.000000000E+000  0.250000000E+000  0.2500E-001
  0.125000000E+000  0.250000000E+000  0.2500E-001
  0.250000000E+000  0.250000000E+000  0.2500E-001
  0.375000000E+000  0.250000000E+000  0.2500E-001
  0.500000000E+000  0.250000000E+000  0.2500E-001
  0.625000000E+000  0.250000000E+000  0.2500E-001
  0.750000000E+000  0.250000000E+000  0.2500E-001
  0.875000000E+000  0.250000000E+000  0.2500E-001
  0.100000000E+001  0.250000000E+000  0.2500E-001
  0.000000000E+000  0.375000000E+000  0.3750E-001
  0.125000000E+000  0.375000000E+000  0.3750E-001
  0.250000000E+000  0.375000000E+000  0.3750E-001
  0.375000000E+000  0.375000000E+000  0.3750E-001
  0.500000000E+000  0.375000000E+000  0.3750E-001
  0.625000000E+000  0.375000000E+000  0.3750E-001
  0.750000000E+000  0.375000000E+000  0.3750E-001
  0.875000000E+000  0.375000000E+000  0.3750E-001
  0.100000000E+001  0.375000000E+000  0.3750E-001
  0.000000000E+000  0.500000000E+000  0.5000E-001
  0.125000000E+000  0.500000000E+000  0.5000E-001
  0.250000000E+000  0.500000000E+000  0.5000E-001
  0.375000000E+000  0.500000000E+000  0.5000E-001
  0.500000000E+000  0.500000000E+000  0.5000E-001
  0.625000000E+000  0.500000000E+000  0.5000E-001
  0.750000000E+000  0.500000000E+000  0.5000E-001
  0.875000000E+000  0.500000000E+000  0.5000E-001
  0.100000000E+001  0.500000000E+000  0.5000E-001
  0.000000000E+000  0.625000000E+000  0.6250E-001
  0.125000000E+000  0.625000000E+000  0.6250E-001
  0.250000000E+000  0.625000000E+000  0.6250E-001
  0.375000000E+000  0.625000000E+000  0.6250E-001
  0.500000000E+000  0.625000000E+000  0.6250E-001
  0.625000000E+000  0.625000000E+000  0.6250E-001
  0.750000000E+000  0.625000000E+000  0.6250E-001
  0.875000000E+000  0.625000000E+000  0.6250E-001
  0.100000000E+001  0.625000000E+000  0.6250E-001
  0.000000000E+000  0.750000000E+000  0.7500E-001
  0.125000000E+000  0.750000000E+000  0.7500E-001
  0.250000000E+000  0.750000000E+000  0.7500E-001
  0.375000000E+000  0.750000000E+000  0.7500E-001
  0.500000000E+000  0.750000000E+000  0.7500E-001
  0.625000000E+000  0.750000000E+000  0.7500E-001
  0.750000000E+000  0.750000000E+000  0.7500E-001
  0.875000000E+000  0.750000000E+000  0.7500E-001
  0.100000000E+001  0.750000000E+000  0.7500E-001
  0.000000000E+000  0.875000000E+000  0.8750E-001
  0.125000000E+000  0.875000000E+000  0.8750E-001
  0.250000000E+000  0.875000000E+000  0.8750E-001
  0.375000000E+000  0.875000000E+000  0.8750E-001
  0.500000000E+000  0.875000000E+000  0.8750E-001
  0.625000000E+000  0.875000000E+000  0.8750E-001
  0.750000000E+000  0.875000000E+000  0.8750E-001
  0.875000000E+000  0.875000000E+000  0.8750E-001
  0.100000000E+001  0.875000000E+000  0.8750E-001
  0.000000000E+000  0.100000000E+001  0.1000E+000
  0.125000000E+000  0.100000000E+001  0.1000E+000
  0.250000000E+000  0.100000000E+001  0.1000E+000
  0.375000000E+000  0.100000000E+001  0.1000E+000
  0.500000000E+000  0.100000000E+001  0.1000E+000
  0.625000000E+000  0.100000000E+001  0.1000E+000
  0.750000000E+000  0.100000000E+001  0.1000E+000
  0.875000000E+000  0.100000000E+001  0.1000E+000
  0.100000000E+001  0.100000000E+001  0.1000E+000
  0.434712397E-01
STEP  =   4             
CPU   =   0.00(SEC)     
H     = 0.466E-02       
NRE:NJE =    0:059      
  0.000000000E+000  0.000000000E+000  0.0000E+000
  0.125000000E+000  0.000000000E+000  0.0000E+000
  0.250000000E+000  0.000000000E+000  0.0000E+000
  0.375000000E+000  0.000000000E+000  0.0000E+000
  0.500000000E+000  0.000000000E+000  0.0000E+000
  0.625000000E+000  0.000000000E+000  0.0000E+000
  0.750000000E+000  0.000000000E+000  0.0000E+000
  0.875000000E+000  0.000000000E+000  0.0000E+000
  0.100000000E+001  0.000000000E+000  0.0000E+000
  0.000000000E+000  0.936190693E-001  0.2754E-001
  0.125000000E+000  0.584412046E-001  0.1821E-001
  0.250000000E+000  0.936190693E-001  0.2754E-001
  0.375000000E+000  0.584412046E-001  0.1821E-001
  0.500000000E+000  0.936190693E-001  0.2754E-001
  0.625000000E+000  0.584412046E-001  0.1821E-001
  0.750000000E+000  0.936190693E-001  0.2754E-001
  0.875000000E+000  0.584412046E-001  0.1821E-001
  0.100000000E+001  0.936190693E-001  0.2754E-001
  0.000000000E+000  0.194699989E+000  0.4981E-001
  0.125000000E+000  0.156152945E+000  0.4218E-001
  0.250000000E+000  0.194699989E+000  0.4981E-001
  0.375000000E+000  0.156152945E+000  0.4218E-001
  0.500000000E+000  0.194699989E+000  0.4981E-001
  0.625000000E+000  0.156152945E+000  0.4218E-001
  0.750000000E+000  0.194699989E+000  0.4981E-001
  0.875000000E+000  0.156152945E+000  0.4218E-001
  0.100000000E+001  0.194699989E+000  0.4981E-001
  0.000000000E+000  0.323418561E+000  0.7079E-001
  0.125000000E+000  0.293567598E+000  0.6662E-001
  0.250000000E+000  0.323418561E+000  0.7079E-001
  0.375000000E+000  0.293567598E+000  0.6662E-001
  0.500000000E+000  0.323418561E+000  0.7079E-001
  0.625000000E+000  0.293567598E+000  0.6662E-001
  0.750000000E+000  0.323418561E+000  0.7079E-001
  0.875000000E+000  0.293567598E+000  0.6662E-001
  0.100000000E+001  0.323418561E+000  0.7079E-001
  0.000000000E+000  0.510314931E+000  0.9277E-001
  0.125000000E+000  0.489744694E+000  0.9071E-001
  0.250000000E+000  0.510314931E+000  0.9277E-001
  0.375000000E+000  0.489744694E+000  0.9071E-001
  0.500000000E+000  0.510314931E+000  0.9277E-001
  0.625000000E+000  0.489744694E+000  0.9071E-001
  0.750000000E+000  0.510314931E+000  0.9277E-001
  0.875000000E+000  0.489744694E+000  0.9071E-001
  0.100000000E+001  0.510314931E+000  0.9277E-001
  0.000000000E+000  0.707070847E+000  0.1079E+000
  0.125000000E+000  0.676944220E+000  0.1061E+000
  0.250000000E+000  0.707070847E+000  0.1079E+000
  0.375000000E+000  0.676944220E+000  0.1061E+000
  0.500000000E+000  0.707070847E+000  0.1079E+000
  0.625000000E+000  0.676944220E+000  0.1061E+000
  0.750000000E+000  0.707070847E+000  0.1079E+000
  0.875000000E+000  0.676944220E+000  0.1061E+000
  0.100000000E+001  0.707070847E+000  0.1079E+000
  0.000000000E+000  0.844677782E+000  0.1109E+000
  0.125000000E+000  0.805907155E+000  0.1109E+000
  0.250000000E+000  0.844677782E+000  0.1109E+000
  0.375000000E+000  0.805907155E+000  0.1109E+000
  0.500000000E+000  0.844677782E+000  0.1109E+000
  0.625000000E+000  0.805907155E+000  0.1109E+000
  0.750000000E+000  0.844677782E+000  0.1109E+000
  0.875000000E+000  0.805907155E+000  0.1109E+000
  0.100000000E+001  0.844677782E+000  0.1109E+000
  0.000000000E+000  0.942056321E+000  0.1065E+000
  0.125000000E+000  0.906917896E+000  0.1088E+000
  0.250000000E+000  0.942056321E+000  0.1065E+000
  0.375000000E+000  0.906917896E+000  0.1088E+000
  0.500000000E+000  0.942056321E+000  0.1065E+000
  0.625000000E+000  0.906917896E+000  0.1088E+000
  0.750000000E+000  0.942056321E+000  0.1065E+000
  0.875000000E+000  0.906917896E+000  0.1088E+000
  0.100000000E+001  0.942056321E+000  0.1065E+000
  0.000000000E+000  0.100000000E+001  0.1000E+000
  0.125000000E+000  0.100000000E+001  0.1000E+000
  0.250000000E+000  0.100000000E+001  0.1000E+000
  0.375000000E+000  0.100000000E+001  0.1000E+000
  0.500000000E+000  0.100000000E+001  0.1000E+000
  0.625000000E+000  0.100000000E+001  0.1000E+000
  0.750000000E+000  0.100000000E+001  0.1000E+000
  0.875000000E+000  0.100000000E+001  0.1000E+000
  0.100000000E+001  0.100000000E+001  0.1000E+000
  0.288208884E+00
STEP  =   5             
CPU   =   0.00(SEC)     
H     = 0.336E-01       
NRE:NJE =    0:111      
  0.000000000E+000  0.000000000E+000  0.0000E+000
  0.125000000E+000  0.000000000E+000  0.0000E+000
  0.250000000E+000  0.000000000E+000  0.0000E+000
  0.375000000E+000  0.000000000E+000  0.0000E+000
  0.500000000E+000  0.000000000E+000  0.0000E+000
  0.625000000E+000  0.000000000E+000  0.0000E+000
  0.750000000E+000  0.000000000E+000  0.0000E+000
  0.875000000E+000  0.000000000E+000  0.0000E+000
  0.100000000E+001  0.000000000E+000  0.0000E+000
  0.000000000E+000  0.142673745E+000  0.7240E-001
  0.125000000E+000  0.100991237E+000  0.5328E-001
  0.250000000E+000  0.142673745E+000  0.7240E-001
  0.375000000E+000  0.100991237E+000  0.5328E-001
  0.500000000E+000  0.142673745E+000  0.7240E-001
  0.625000000E+000  0.100991237E+000  0.5328E-001
  0.750000000E+000  0.142673745E+000  0.7240E-001
  0.875000000E+000  0.100991237E+000  0.5328E-001
  0.100000000E+001  0.142673745E+000  0.7240E-001
  0.000000000E+000  0.276644246E+000  0.1223E+000
  0.125000000E+000  0.223272381E+000  0.1044E+000
  0.250000000E+000  0.276644246E+000  0.1223E+000
  0.375000000E+000  0.223272381E+000  0.1044E+000
  0.500000000E+000  0.276644246E+000  0.1223E+000
  0.625000000E+000  0.223272381E+000  0.1044E+000
  0.750000000E+000  0.276644246E+000  0.1223E+000
  0.875000000E+000  0.223272381E+000  0.1044E+000
  0.100000000E+001  0.276644246E+000  0.1223E+000
  0.000000000E+000  0.406926652E+000  0.1545E+000
  0.125000000E+000  0.348667870E+000  0.1420E+000
  0.250000000E+000  0.406926652E+000  0.1545E+000
  0.375000000E+000  0.348667870E+000  0.1420E+000
  0.500000000E+000  0.406926652E+000  0.1545E+000
  0.625000000E+000  0.348667870E+000  0.1420E+000
  0.750000000E+000  0.406926652E+000  0.1545E+000
  0.875000000E+000  0.348667870E+000  0.1420E+000
  0.100000000E+001  0.406926652E+000  0.1545E+000
  0.000000000E+000  0.534991734E+000  0.1707E+000
  0.125000000E+000  0.475441633E+000  0.1651E+000
  0.250000000E+000  0.534991734E+000  0.1707E+000
  0.375000000E+000  0.475441633E+000  0.1651E+000
  0.500000000E+000  0.534991734E+000  0.1707E+000
  0.625000000E+000  0.475441633E+000  0.1651E+000
  0.750000000E+000  0.534991734E+000  0.1707E+000
  0.875000000E+000  0.475441633E+000  0.1651E+000
  0.100000000E+001  0.534991734E+000  0.1707E+000
  0.000000000E+000  0.661066779E+000  0.1718E+000
  0.125000000E+000  0.602919981E+000  0.1732E+000
  0.250000000E+000  0.661066779E+000  0.1718E+000
  0.375000000E+000  0.602919982E+000  0.1732E+000
  0.500000000E+000  0.661066779E+000  0.1718E+000
  0.625000000E+000  0.602919982E+000  0.1732E+000
  0.750000000E+000  0.661066779E+000  0.1718E+000
  0.875000000E+000  0.602919982E+000  0.1732E+000
  0.100000000E+001  0.661066779E+000  0.1718E+000
  0.000000000E+000  0.784596560E+000  0.1584E+000
  0.125000000E+000  0.731255438E+000  0.1660E+000
  0.250000000E+000  0.784596560E+000  0.1584E+000
  0.375000000E+000  0.731255438E+000  0.1660E+000
  0.500000000E+000  0.784596560E+000  0.1584E+000
  0.625000000E+000  0.731255438E+000  0.1660E+000
  0.750000000E+000  0.784596560E+000  0.1584E+000
  0.875000000E+000  0.731255438E+000  0.1660E+000
  0.100000000E+001  0.784596560E+000  0.1584E+000
  0.000000000E+000  0.903804845E+000  0.1318E+000
  0.125000000E+000  0.861934909E+000  0.1428E+000
  0.250000000E+000  0.903804845E+000  0.1318E+000
  0.375000000E+000  0.861934909E+000  0.1428E+000
  0.500000000E+000  0.903804845E+000  0.1318E+000
  0.625000000E+000  0.861934909E+000  0.1428E+000
  0.750000000E+000  0.903804845E+000  0.1318E+000
  0.875000000E+000  0.861934909E+000  0.1428E+000
  0.100000000E+001  0.903804845E+000  0.1318E+000
  0.000000000E+000  0.100000000E+001  0.1000E+000
  0.125000000E+000  0.100000000E+001  0.1000E+000
  0.250000000E+000  0.100000000E+001  0.1000E+000
  0.375000000E+000  0.100000000E+001  0.1000E+000
  0.500000000E+000  0.100000000E+001  0.1000E+000
  0.625000000E+000  0.100000000E+001  0.1000E+000
  0.750000000E+000  0.100000000E+001  0.1000E+000
  0.875000000E+000  0.100000000E+001  0.1000E+000
  0.100000000E+001  0.100000000E+001  0.1000E+000
  0.100000000E+03
STEP  =  11             
CPU   =   0.00(SEC)     
H     = 0.792E+02       
NRE:NJE =    0:148      
  0.000000000E+000  0.000000000E+000  0.0000E+000
  0.125000000E+000  0.000000000E+000  0.0000E+000
  0.250000000E+000  0.000000000E+000  0.0000E+000
  0.375000000E+000  0.000000000E+000  0.0000E+000
  0.500000000E+000  0.000000000E+000  0.0000E+000
  0.625000000E+000  0.000000000E+000  0.0000E+000
  0.750000000E+000  0.000000000E+000  0.0000E+000
  0.875000000E+000  0.000000000E+000  0.0000E+000
  0.100000000E+001  0.000000000E+000  0.0000E+000
  0.000000000E+000  0.145649127E+000  0.7686E-001
  0.125000000E+000  0.104109116E+000  0.5704E-001
  0.250000000E+000  0.145649127E+000  0.7686E-001
  0.375000000E+000  0.104109116E+000  0.5704E-001
  0.500000000E+000  0.145649127E+000  0.7686E-001
  0.625000000E+000  0.104109116E+000  0.5704E-001
  0.750000000E+000  0.145649127E+000  0.7686E-001
  0.875000000E+000  0.104109116E+000  0.5704E-001
  0.100000000E+001  0.145649127E+000  0.7686E-001
  0.000000000E+000  0.280032558E+000  0.1288E+000
  0.125000000E+000  0.226949481E+000  0.1104E+000
  0.250000000E+000  0.280032558E+000  0.1288E+000
  0.375000000E+000  0.226949481E+000  0.1104E+000
  0.500000000E+000  0.280032558E+000  0.1288E+000
  0.625000000E+000  0.226949481E+000  0.1104E+000
  0.750000000E+000  0.280032558E+000  0.1288E+000
  0.875000000E+000  0.226949481E+000  0.1104E+000
  0.100000000E+001  0.280032558E+000  0.1288E+000
  0.000000000E+000  0.408948503E+000  0.1617E+000
  0.125000000E+000  0.351283363E+000  0.1490E+000
  0.250000000E+000  0.408948503E+000  0.1617E+000
  0.375000000E+000  0.351283363E+000  0.1490E+000
  0.500000000E+000  0.408948503E+000  0.1617E+000
  0.625000000E+000  0.351283363E+000  0.1490E+000
  0.750000000E+000  0.408948503E+000  0.1617E+000
  0.875000000E+000  0.351283363E+000  0.1490E+000
  0.100000000E+001  0.408948503E+000  0.1617E+000
  0.000000000E+000  0.534830206E+000  0.1778E+000
  0.125000000E+000  0.476038678E+000  0.1723E+000
  0.250000000E+000  0.534830206E+000  0.1778E+000
  0.375000000E+000  0.476038678E+000  0.1723E+000
  0.500000000E+000  0.534830206E+000  0.1778E+000
  0.625000000E+000  0.476038678E+000  0.1723E+000
  0.750000000E+000  0.534830206E+000  0.1778E+000
  0.875000000E+000  0.476038678E+000  0.1723E+000
  0.100000000E+001  0.534830206E+000  0.1778E+000
  0.000000000E+000  0.658883607E+000  0.1782E+000
  0.125000000E+000  0.601342583E+000  0.1800E+000
  0.250000000E+000  0.658883607E+000  0.1782E+000
  0.375000000E+000  0.601342583E+000  0.1800E+000
  0.500000000E+000  0.658883607E+000  0.1782E+000
  0.625000000E+000  0.601342583E+000  0.1800E+000
  0.750000000E+000  0.658883607E+000  0.1782E+000
  0.875000000E+000  0.601342583E+000  0.1800E+000
  0.100000000E+001  0.658883607E+000  0.1782E+000
  0.000000000E+000  0.781350458E+000  0.1635E+000
  0.125000000E+000  0.728286260E+000  0.1718E+000
  0.250000000E+000  0.781350458E+000  0.1635E+000
  0.375000000E+000  0.728286260E+000  0.1718E+000
  0.500000000E+000  0.781350458E+000  0.1635E+000
  0.625000000E+000  0.728286260E+000  0.1718E+000
  0.750000000E+000  0.781350458E+000  0.1635E+000
  0.875000000E+000  0.728286260E+000  0.1718E+000
  0.100000000E+001  0.781350458E+000  0.1635E+000
  0.000000000E+000  0.901042981E+000  0.1347E+000
  0.125000000E+000  0.859255098E+000  0.1465E+000
  0.250000000E+000  0.901042981E+000  0.1347E+000
  0.375000000E+000  0.859255098E+000  0.1465E+000
  0.500000000E+000  0.901042981E+000  0.1347E+000
  0.625000000E+000  0.859255098E+000  0.1465E+000
  0.750000000E+000  0.901042981E+000  0.1347E+000
  0.875000000E+000  0.859255098E+000  0.1465E+000
  0.100000000E+001  0.901042981E+000  0.1347E+000
  0.000000000E+000  0.100000000E+001  0.1000E+000
  0.125000000E+000  0.100000000E+001  0.1000E+000
  0.250000000E+000  0.100000000E+001  0.1000E+000
  0.375000000E+000  0.100000000E+001  0.1000E+000
  0.500000000E+000  0.100000000E+001  0.1000E+000
  0.625000000E+000  0.100000000E+001  0.1000E+000
  0.750000000E+000  0.100000000E+001  0.1000E+000
  0.875000000E+000  0.100000000E+001  0.1000E+000
  0.100000000E+001  0.100000000E+001  0.1000E+000
