t= 0.000000E+00, nstep=   0, cpu=      .0
  0.000000000E+00  0.1000E+00  0.0000E+00  0.2500E+00
  0.800000000E-01  0.1000E+00  0.0000E+00  0.2500E+00
  0.160000000E+00  0.1000E+00  0.0000E+00  0.2500E+00
  0.240000000E+00  0.1000E+00  0.0000E+00  0.2500E+00
  0.320000000E+00  0.1000E+00  0.0000E+00  0.2500E+00
  0.400000000E+00  0.1000E+00  0.0000E+00  0.2500E+00
  0.480000000E+00  0.1000E+00  0.0000E+00  0.2500E+00
  0.481700000E+00  0.1000E+00  0.0000E+00  0.2500E+00
  0.483400000E+00  0.1000E+00  0.0000E+00  0.2500E+00
  0.485100000E+00  0.1000E+00  0.0000E+00  0.2500E+00
  0.486800000E+00  0.1000E+00  0.0000E+00  0.2500E+00
  0.488500000E+00  0.1000E+00  0.0000E+00  0.2500E+00
  0.490200000E+00  0.1000E+00  0.0000E+00  0.2500E+00
  0.491900000E+00  0.1000E+00  0.0000E+00  0.2500E+00
  0.493600000E+00  0.1000E+00  0.0000E+00  0.2500E+00
  0.495300000E+00  0.1000E+00  0.0000E+00  0.2500E+00
  0.497000000E+00  0.1000E+00  0.0000E+00  0.2500E+00
  0.497200000E+00  0.9708E-01  0.0000E+00  0.2425E+00
  0.497400000E+00  0.9417E-01  0.0000E+00  0.2350E+00
  0.497600000E+00  0.9125E-01  0.0000E+00  0.2275E+00
  0.497800000E+00  0.8833E-01  0.0000E+00  0.2200E+00
  0.498000000E+00  0.8542E-01  0.0000E+00  0.2125E+00
  0.498200000E+00  0.8250E-01  0.0000E+00  0.2050E+00
  0.498400000E+00  0.7958E-01  0.0000E+00  0.1975E+00
  0.498600000E+00  0.7667E-01  0.0000E+00  0.1900E+00
  0.498800000E+00  0.7375E-01  0.0000E+00  0.1825E+00
  0.499000000E+00  0.7083E-01  0.0000E+00  0.1750E+00
  0.499200000E+00  0.6792E-01  0.0000E+00  0.1675E+00
  0.499400000E+00  0.6500E-01  0.0000E+00  0.1600E+00
  0.499600000E+00  0.6208E-01  0.0000E+00  0.1525E+00
  0.499800000E+00  0.5917E-01  0.0000E+00  0.1450E+00
  0.500000000E+00  0.5625E-01  0.0000E+00  0.1375E+00
  0.500120000E+00  0.5450E-01  0.0000E+00  0.1330E+00
  0.500240000E+00  0.5275E-01  0.0000E+00  0.1285E+00
  0.500360000E+00  0.5100E-01  0.0000E+00  0.1240E+00
  0.500480000E+00  0.4925E-01  0.0000E+00  0.1195E+00
  0.500600000E+00  0.4750E-01  0.0000E+00  0.1150E+00
  0.500720000E+00  0.4575E-01  0.0000E+00  0.1105E+00
  0.500840000E+00  0.4400E-01  0.0000E+00  0.1060E+00
  0.500960000E+00  0.4225E-01  0.0000E+00  0.1015E+00
  0.501080000E+00  0.4050E-01  0.0000E+00  0.9700E-01
  0.501200000E+00  0.3875E-01  0.0000E+00  0.9250E-01
  0.501320000E+00  0.3700E-01  0.0000E+00  0.8800E-01
  0.501440000E+00  0.3525E-01  0.0000E+00  0.8350E-01
  0.501560000E+00  0.3350E-01  0.0000E+00  0.7900E-01
  0.501680000E+00  0.3175E-01  0.0000E+00  0.7450E-01
  0.501800000E+00  0.3000E-01  0.0000E+00  0.7000E-01
  0.501920000E+00  0.2825E-01  0.0000E+00  0.6550E-01
  0.502040000E+00  0.2650E-01  0.0000E+00  0.6100E-01
  0.502160000E+00  0.2475E-01  0.0000E+00  0.5650E-01
  0.502280000E+00  0.2300E-01  0.0000E+00  0.5200E-01
  0.502400000E+00  0.2125E-01  0.0000E+00  0.4750E-01
  0.502520000E+00  0.1950E-01  0.0000E+00  0.4300E-01
  0.502640000E+00  0.1775E-01  0.0000E+00  0.3850E-01
  0.502760000E+00  0.1600E-01  0.0000E+00  0.3400E-01
  0.502880000E+00  0.1425E-01  0.0000E+00  0.2950E-01
  0.503000000E+00  0.1250E-01  0.0000E+00  0.2500E-01
  0.504700000E+00  0.1250E-01  0.0000E+00  0.2500E-01
  0.506400000E+00  0.1250E-01  0.0000E+00  0.2500E-01
  0.508100000E+00  0.1250E-01  0.0000E+00  0.2500E-01
  0.509800000E+00  0.1250E-01  0.0000E+00  0.2500E-01
  0.511500000E+00  0.1250E-01  0.0000E+00  0.2500E-01
  0.513200000E+00  0.1250E-01  0.0000E+00  0.2500E-01
  0.514900000E+00  0.1250E-01  0.0000E+00  0.2500E-01
  0.516600000E+00  0.1250E-01  0.0000E+00  0.2500E-01
  0.518300000E+00  0.1250E-01  0.0000E+00  0.2500E-01
  0.520000000E+00  0.1250E-01  0.0000E+00  0.2500E-01
  0.600000000E+00  0.1250E-01  0.0000E+00  0.2500E-01
  0.680000000E+00  0.1250E-01  0.0000E+00  0.2500E-01
  0.760000000E+00  0.1250E-01  0.0000E+00  0.2500E-01
  0.840000000E+00  0.1250E-01  0.0000E+00  0.2500E-01
  0.920000000E+00  0.1250E-01  0.0000E+00  0.2500E-01
  0.100000000E+01  0.1250E-01  0.0000E+00  0.2500E-01
t= 0.100000E-03, nstep=  15, cpu=      .2
  0.000000000E+00  0.1000E+00  0.0000E+00  0.2500E+00
  0.799973393E-01  0.1000E+00 -0.8470E-14  0.2500E+00
  0.159994679E+00  0.1000E+00  0.3384E-13  0.2500E+00
  0.239992018E+00  0.1000E+00 -0.1267E-12  0.2500E+00
  0.319989357E+00  0.1000E+00  0.4724E-12  0.2500E+00
  0.399986696E+00  0.1000E+00 -0.1760E-11  0.2500E+00
  0.479984036E+00  0.1000E+00  0.6560E-11  0.2500E+00
  0.481683979E+00  0.1000E+00 -0.5230E-09  0.2500E+00
  0.483383922E+00  0.1000E+00  0.2025E-08  0.2500E+00
  0.485083866E+00  0.1000E+00 -0.7468E-08  0.2500E+00
  0.486783809E+00  0.1000E+00  0.2772E-07  0.2500E+00
  0.488483752E+00  0.1000E+00 -0.1040E-06  0.2500E+00
  0.490183690E+00  0.1000E+00  0.3943E-06  0.2500E+00
  0.491883586E+00  0.1000E+00 -0.1513E-05  0.2500E+00
  0.493583047E+00  0.1000E+00  0.5865E-05  0.2500E+00
  0.495276199E+00  0.1000E+00 -0.2291E-04  0.2500E+00
  0.496840456E+00  0.9996E-01  0.8485E-04  0.2499E+00
  0.497176922E+00  0.9736E-01  0.1299E-02  0.2430E+00
  0.497383545E+00  0.9442E-01  0.1506E-02  0.2356E+00
  0.497584195E+00  0.9148E-01  0.1502E-02  0.2281E+00
  0.497785471E+00  0.8854E-01  0.1499E-02  0.2205E+00
  0.497986846E+00  0.8561E-01  0.1500E-02  0.2130E+00
  0.498188190E+00  0.8267E-01  0.1500E-02  0.2054E+00
  0.498389542E+00  0.7974E-01  0.1500E-02  0.1979E+00
  0.498590892E+00  0.7680E-01  0.1500E-02  0.1903E+00
  0.498792243E+00  0.7386E-01  0.1500E-02  0.1828E+00
  0.498993594E+00  0.7093E-01  0.1500E-02  0.1752E+00
  0.499194945E+00  0.6799E-01  0.1500E-02  0.1677E+00
  0.499396298E+00  0.6505E-01  0.1500E-02  0.1601E+00
  0.499597650E+00  0.6212E-01  0.1500E-02  0.1526E+00
  0.499799004E+00  0.5918E-01  0.1500E-02  0.1450E+00
  0.500000358E+00  0.5624E-01  0.1500E-02  0.1375E+00
  0.500121171E+00  0.5448E-01  0.1500E-02  0.1330E+00
  0.500241985E+00  0.5272E-01  0.1500E-02  0.1284E+00
  0.500362799E+00  0.5096E-01  0.1500E-02  0.1239E+00
  0.500483613E+00  0.4920E-01  0.1500E-02  0.1194E+00
  0.500604429E+00  0.4744E-01  0.1500E-02  0.1148E+00
  0.500725245E+00  0.4567E-01  0.1500E-02  0.1103E+00
  0.500846062E+00  0.4391E-01  0.1499E-02  0.1058E+00
  0.500966880E+00  0.4215E-01  0.1499E-02  0.1012E+00
  0.501087699E+00  0.4039E-01  0.1499E-02  0.9672E-01
  0.501208520E+00  0.3863E-01  0.1499E-02  0.9219E-01
  0.501329342E+00  0.3686E-01  0.1499E-02  0.8766E-01
  0.501450167E+00  0.3510E-01  0.1499E-02  0.8313E-01
  0.501570994E+00  0.3334E-01  0.1499E-02  0.7860E-01
  0.501691824E+00  0.3158E-01  0.1499E-02  0.7407E-01
  0.501812659E+00  0.2982E-01  0.1499E-02  0.6954E-01
  0.501933498E+00  0.2805E-01  0.1499E-02  0.6501E-01
  0.502054344E+00  0.2629E-01  0.1498E-02  0.6048E-01
  0.502175199E+00  0.2453E-01  0.1498E-02  0.5595E-01
  0.502296067E+00  0.2277E-01  0.1498E-02  0.5142E-01
  0.502416979E+00  0.2100E-01  0.1497E-02  0.4689E-01
  0.502538023E+00  0.1924E-01  0.1493E-02  0.4236E-01
  0.502659611E+00  0.1748E-01  0.1473E-02  0.3784E-01
  0.502785426E+00  0.1572E-01  0.1378E-02  0.3333E-01
  0.502934355E+00  0.1399E-01  0.9888E-03  0.2890E-01
  0.503194022E+00  0.1254E-01  0.5649E-04  0.2506E-01
  0.504797722E+00  0.1249E-01 -0.1601E-04  0.2499E-01
  0.506492093E+00  0.1250E-01  0.4355E-05  0.2500E-01
  0.508191462E+00  0.1250E-01 -0.1191E-05  0.2500E-01
  0.509891123E+00  0.1250E-01  0.3279E-06  0.2500E-01
  0.511590805E+00  0.1250E-01 -0.9091E-07  0.2500E-01
  0.513290489E+00  0.1250E-01  0.2537E-07  0.2500E-01
  0.514990173E+00  0.1250E-01 -0.7121E-08  0.2500E-01
  0.516689857E+00  0.1250E-01  0.2002E-08  0.2500E-01
  0.518389541E+00  0.1250E-01 -0.5338E-09  0.2500E-01
  0.520089225E+00  0.1250E-01  0.6882E-11  0.2500E-01
  0.600074354E+00  0.1250E-01 -0.1848E-11  0.2500E-01
  0.680059483E+00  0.1250E-01  0.4959E-12  0.2500E-01
  0.760044612E+00  0.1250E-01 -0.1330E-12  0.2500E-01
  0.840029742E+00  0.1250E-01  0.3552E-13  0.2500E-01
  0.920014871E+00  0.1250E-01 -0.8888E-14  0.2500E-01
  0.100000000E+01  0.1250E-01  0.0000E+00  0.2500E-01
t= 0.100000E-02, nstep=  30, cpu=      .3
  0.000000000E+00  0.1000E+00  0.0000E+00  0.2500E+00
  0.799884436E-01  0.1000E+00 -0.1095E-11  0.2500E+00
  0.159976887E+00  0.1000E+00  0.4329E-11  0.2500E+00
  0.239965331E+00  0.1000E+00 -0.1602E-10  0.2500E+00
  0.319953774E+00  0.1000E+00  0.5905E-10  0.2500E+00
  0.399942218E+00  0.1000E+00 -0.2176E-09  0.2500E+00
  0.479930662E+00  0.1000E+00  0.8018E-09  0.2500E+00
  0.481630415E+00  0.1000E+00 -0.4312E-07  0.2500E+00
  0.483330164E+00  0.1000E+00  0.1124E-06  0.2500E+00
  0.485029878E+00  0.1000E+00 -0.2790E-06  0.2500E+00
  0.486729374E+00  0.1000E+00  0.6723E-06  0.2500E+00
  0.488427572E+00  0.1000E+00 -0.1535E-05  0.2500E+00
  0.490118277E+00  0.1000E+00  0.3166E-05  0.2500E+00
  0.491768230E+00  0.1000E+00 -0.5523E-05  0.2500E+00
  0.493242177E+00  0.1000E+00  0.9792E-05  0.2500E+00
  0.494572196E+00  0.1000E+00 -0.4374E-04  0.2501E+00
  0.495534066E+00  0.9972E-01  0.2707E-03  0.2492E+00
  0.496363850E+00  0.9717E-01  0.3287E-02  0.2404E+00
  0.497308152E+00  0.9071E-01  0.9116E-02  0.2223E+00
  0.497765651E+00  0.8637E-01  0.1172E-01  0.2126E+00
  0.498073430E+00  0.8304E-01  0.1314E-01  0.2052E+00
  0.498313884E+00  0.8017E-01  0.1395E-01  0.1984E+00
  0.498521855E+00  0.7749E-01  0.1440E-01  0.1919E+00
  0.498713235E+00  0.7488E-01  0.1463E-01  0.1854E+00
  0.498896385E+00  0.7230E-01  0.1473E-01  0.1789E+00
  0.499075423E+00  0.6973E-01  0.1478E-01  0.1724E+00
  0.499252468E+00  0.6717E-01  0.1478E-01  0.1658E+00
  0.499428670E+00  0.6460E-01  0.1478E-01  0.1593E+00
  0.499604600E+00  0.6204E-01  0.1476E-01  0.1527E+00
  0.499780509E+00  0.5948E-01  0.1474E-01  0.1462E+00
  0.499956504E+00  0.5692E-01  0.1472E-01  0.1396E+00
  0.500132637E+00  0.5436E-01  0.1469E-01  0.1330E+00
  0.500238416E+00  0.5282E-01  0.1467E-01  0.1291E+00
  0.500344270E+00  0.5128E-01  0.1465E-01  0.1252E+00
  0.500450215E+00  0.4974E-01  0.1463E-01  0.1213E+00
  0.500556271E+00  0.4820E-01  0.1460E-01  0.1173E+00
  0.500662458E+00  0.4666E-01  0.1457E-01  0.1134E+00
  0.500768806E+00  0.4512E-01  0.1454E-01  0.1095E+00
  0.500875357E+00  0.4357E-01  0.1451E-01  0.1055E+00
  0.500982175E+00  0.4203E-01  0.1447E-01  0.1016E+00
  0.501089355E+00  0.4048E-01  0.1443E-01  0.9768E-01
  0.501197041E+00  0.3893E-01  0.1438E-01  0.9376E-01
  0.501305451E+00  0.3738E-01  0.1431E-01  0.8984E-01
  0.501414913E+00  0.3583E-01  0.1424E-01  0.8592E-01
  0.501525917E+00  0.3428E-01  0.1414E-01  0.8201E-01
  0.501639189E+00  0.3272E-01  0.1402E-01  0.7811E-01
  0.501755811E+00  0.3115E-01  0.1386E-01  0.7421E-01
  0.501877401E+00  0.2958E-01  0.1366E-01  0.7032E-01
  0.502006407E+00  0.2800E-01  0.1337E-01  0.6643E-01
  0.502146626E+00  0.2641E-01  0.1299E-01  0.6253E-01
  0.502304276E+00  0.2478E-01  0.1245E-01  0.5861E-01
  0.502490376E+00  0.2311E-01  0.1165E-01  0.5463E-01
  0.502726824E+00  0.2133E-01  0.1043E-01  0.5043E-01
  0.503063564E+00  0.1926E-01  0.8447E-02  0.4541E-01
  0.503509040E+00  0.1675E-01  0.5321E-02  0.3824E-01
  0.504162303E+00  0.1360E-01  0.1193E-02  0.2812E-01
  0.504571828E+00  0.1272E-01  0.2125E-03  0.2555E-01
  0.505389144E+00  0.1247E-01 -0.3406E-04  0.2495E-01
  0.507037489E+00  0.1250E-01  0.7868E-05  0.2498E-01
  0.508664886E+00  0.1250E-01 -0.3699E-05  0.2501E-01
  0.510341757E+00  0.1250E-01  0.2101E-05  0.2499E-01
  0.512035017E+00  0.1250E-01 -0.1116E-05  0.2500E-01
  0.513732148E+00  0.1250E-01  0.5466E-06  0.2500E-01
  0.515430095E+00  0.1250E-01 -0.2524E-06  0.2500E-01
  0.517128202E+00  0.1250E-01  0.1117E-06  0.2500E-01
  0.518826339E+00  0.1250E-01 -0.4672E-07  0.2500E-01
  0.520524480E+00  0.1250E-01  0.9295E-09  0.2500E-01
  0.600437067E+00  0.1250E-01 -0.2525E-09  0.2500E-01
  0.680349654E+00  0.1250E-01  0.6855E-10  0.2500E-01
  0.760262240E+00  0.1250E-01 -0.1859E-10  0.2500E-01
  0.840174827E+00  0.1250E-01  0.5014E-11  0.2500E-01
  0.920087413E+00  0.1250E-01 -0.1266E-11  0.2500E-01
  0.100000000E+01  0.1250E-01  0.0000E+00  0.2500E-01
t= 0.100000E-01, nstep=  81, cpu=     1.1
  0.000000000E+00  0.1000E+00  0.0000E+00  0.2500E+00
  0.793617368E-01  0.1000E+00  0.4070E-09  0.2500E+00
  0.158723474E+00  0.1000E+00 -0.1658E-08  0.2500E+00
  0.238085210E+00  0.1000E+00  0.6283E-08  0.2500E+00
  0.317446942E+00  0.1000E+00 -0.2341E-07  0.2500E+00
  0.396808614E+00  0.1000E+00  0.8605E-07  0.2500E+00
  0.476169481E+00  0.1000E+00 -0.3121E-06  0.2500E+00
  0.477810859E+00  0.1000E+00  0.3574E-05  0.2500E+00
  0.479318577E+00  0.1000E+00 -0.9679E-06  0.2500E+00
  0.480625290E+00  0.1000E+00  0.1191E-05  0.2500E+00
  0.481666739E+00  0.1000E+00  0.1118E-05  0.2500E+00
  0.482525594E+00  0.9995E-01  0.6573E-04  0.2498E+00
  0.482741442E+00  0.9990E-01  0.9908E-04  0.2497E+00
  0.483799146E+00  0.9958E-01  0.5105E-03  0.2485E+00
  0.484083167E+00  0.9934E-01  0.7232E-03  0.2477E+00
  0.485485234E+00  0.9760E-01  0.2886E-02  0.2417E+00
  0.486395334E+00  0.9516E-01  0.5304E-02  0.2337E+00
  0.489149909E+00  0.8742E-01  0.1409E-01  0.2077E+00
  0.492696252E+00  0.7368E-01  0.2565E-01  0.1681E+00
  0.494789794E+00  0.6605E-01  0.3094E-01  0.1475E+00
  0.495788116E+00  0.6232E-01  0.3313E-01  0.1381E+00
  0.496477151E+00  0.5974E-01  0.3444E-01  0.1318E+00
  0.497025435E+00  0.5771E-01  0.3536E-01  0.1271E+00
  0.497492266E+00  0.5601E-01  0.3605E-01  0.1232E+00
  0.497907423E+00  0.5452E-01  0.3660E-01  0.1199E+00
  0.498286952E+00  0.5320E-01  0.3705E-01  0.1169E+00
  0.498640867E+00  0.5200E-01  0.3741E-01  0.1143E+00
  0.498975935E+00  0.5089E-01  0.3772E-01  0.1119E+00
  0.499296962E+00  0.4987E-01  0.3797E-01  0.1098E+00
  0.499606731E+00  0.4891E-01  0.3817E-01  0.1078E+00
  0.499908836E+00  0.4802E-01  0.3834E-01  0.1060E+00
  0.500201282E+00  0.4720E-01  0.3846E-01  0.1043E+00
  0.500410653E+00  0.4664E-01  0.3854E-01  0.1032E+00
  0.500630058E+00  0.4608E-01  0.3860E-01  0.1021E+00
  0.500863725E+00  0.4552E-01  0.3864E-01  0.1010E+00
  0.501116848E+00  0.4495E-01  0.3867E-01  0.9994E-01
  0.501394276E+00  0.4437E-01  0.3867E-01  0.9888E-01
  0.501713813E+00  0.4377E-01  0.3865E-01  0.9782E-01
  0.502067035E+00  0.4319E-01  0.3860E-01  0.9684E-01
  0.502567278E+00  0.4250E-01  0.3846E-01  0.9579E-01
  0.503216932E+00  0.4177E-01  0.3819E-01  0.9488E-01
  0.504587053E+00  0.4056E-01  0.3742E-01  0.9393E-01
  0.507046608E+00  0.3768E-01  0.3494E-01  0.9268E-01
  0.508466341E+00  0.3525E-01  0.3272E-01  0.9192E-01
  0.510807800E+00  0.2985E-01  0.2786E-01  0.8974E-01
  0.511611379E+00  0.2856E-01  0.2671E-01  0.8951E-01
  0.513861453E+00  0.2737E-01  0.2575E-01  0.8937E-01
  0.515474717E+00  0.2724E-01  0.2543E-01  0.8849E-01
  0.516362298E+00  0.2645E-01  0.2408E-01  0.8558E-01
  0.516630615E+00  0.2610E-01  0.2328E-01  0.8337E-01
  0.516826965E+00  0.2552E-01  0.2208E-01  0.8046E-01
  0.516980742E+00  0.2480E-01  0.2058E-01  0.7666E-01
  0.517113115E+00  0.2386E-01  0.1865E-01  0.7180E-01
  0.517244940E+00  0.2252E-01  0.1597E-01  0.6507E-01
  0.517648061E+00  0.1664E-01  0.5251E-02  0.3832E-01
  0.517739511E+00  0.1526E-01  0.3422E-02  0.3371E-01
  0.517831775E+00  0.1428E-01  0.2110E-02  0.3043E-01
  0.517922911E+00  0.1361E-01  0.1264E-02  0.2828E-01
  0.518019535E+00  0.1315E-01  0.7173E-03  0.2687E-01
  0.518129007E+00  0.1285E-01  0.3727E-03  0.2598E-01
  0.518268122E+00  0.1265E-01  0.1596E-03  0.2542E-01
  0.518545135E+00  0.1251E-01  0.1122E-04  0.2504E-01
  0.519986962E+00  0.1249E-01 -0.4675E-05  0.2498E-01
  0.521563089E+00  0.1250E-01  0.1624E-05  0.2501E-01
  0.523188404E+00  0.1250E-01 -0.4071E-06  0.2500E-01
  0.524842280E+00  0.1250E-01  0.4222E-06  0.2500E-01
  0.526513577E+00  0.1250E-01  0.9683E-07  0.2500E-01
  0.605427814E+00  0.1250E-01 -0.3982E-07  0.2500E-01
  0.684342232E+00  0.1250E-01  0.1488E-07  0.2500E-01
  0.763256672E+00  0.1250E-01 -0.5222E-08  0.2500E-01
  0.842171114E+00  0.1250E-01  0.1737E-08  0.2500E-01
  0.921085557E+00  0.1250E-01 -0.5129E-09  0.2500E-01
  0.100000000E+01  0.1250E-01  0.0000E+00  0.2500E-01
t= 0.100000E+00, nstep= 256, cpu=     3.2
  0.000000000E+00  0.1000E+00  0.0000E+00  0.2500E+00
  0.625017257E-01  0.1000E+00 -0.1974E-06  0.2500E+00
  0.124999689E+00  0.1000E+00  0.6021E-06  0.2500E+00
  0.187471130E+00  0.1000E+00 -0.1778E-05  0.2500E+00
  0.249817594E+00  0.1000E+00  0.5864E-05  0.2500E+00
  0.311919728E+00  0.1000E+00 -0.2058E-04  0.2500E+00
  0.372937902E+00  0.9999E-01  0.7039E-04  0.2499E+00
  0.376219361E+00  0.9905E-01  0.1071E-02  0.2468E+00
  0.381071830E+00  0.9755E-01  0.2896E-02  0.2414E+00
  0.389120876E+00  0.9331E-01  0.7565E-02  0.2273E+00
  0.400608675E+00  0.8692E-01  0.1430E-01  0.2065E+00
  0.405178462E+00  0.8409E-01  0.1688E-01  0.1979E+00
  0.411293333E+00  0.8075E-01  0.1998E-01  0.1879E+00
  0.415689704E+00  0.7826E-01  0.2211E-01  0.1805E+00
  0.420489854E+00  0.7576E-01  0.2425E-01  0.1733E+00
  0.426290664E+00  0.7259E-01  0.2659E-01  0.1646E+00
  0.430806329E+00  0.7033E-01  0.2828E-01  0.1585E+00
  0.436261694E+00  0.6753E-01  0.3013E-01  0.1511E+00
  0.441184869E+00  0.6519E-01  0.3165E-01  0.1450E+00
  0.446489176E+00  0.6262E-01  0.3310E-01  0.1386E+00
  0.451305544E+00  0.6042E-01  0.3427E-01  0.1332E+00
  0.455483580E+00  0.5848E-01  0.3517E-01  0.1286E+00
  0.460512883E+00  0.5631E-01  0.3614E-01  0.1236E+00
  0.465155608E+00  0.5432E-01  0.3691E-01  0.1190E+00
  0.469990271E+00  0.5236E-01  0.3760E-01  0.1146E+00
  0.474206956E+00  0.5064E-01  0.3808E-01  0.1108E+00
  0.478310088E+00  0.4909E-01  0.3850E-01  0.1075E+00
  0.482616905E+00  0.4748E-01  0.3883E-01  0.1041E+00
  0.485778289E+00  0.4643E-01  0.3905E-01  0.1019E+00
  0.489494637E+00  0.4522E-01  0.3923E-01  0.9940E-01
  0.491529534E+00  0.4468E-01  0.3932E-01  0.9830E-01
  0.494678870E+00  0.4386E-01  0.3940E-01  0.9663E-01
  0.496283508E+00  0.4357E-01  0.3944E-01  0.9607E-01
  0.499440303E+00  0.4303E-01  0.3947E-01  0.9496E-01
  0.501032944E+00  0.4290E-01  0.3949E-01  0.9474E-01
  0.504379380E+00  0.4266E-01  0.3949E-01  0.9421E-01
  0.508489255E+00  0.4265E-01  0.3951E-01  0.9424E-01
  0.514382597E+00  0.4262E-01  0.3950E-01  0.9410E-01
  0.519585301E+00  0.4259E-01  0.3948E-01  0.9419E-01
  0.549459362E+00  0.4259E-01  0.3952E-01  0.9402E-01
  0.580857444E+00  0.4235E-01  0.3924E-01  0.9412E-01
  0.584763175E+00  0.4090E-01  0.3793E-01  0.9330E-01
  0.588876058E+00  0.3775E-01  0.3497E-01  0.9220E-01
  0.597596035E+00  0.2850E-01  0.2643E-01  0.8794E-01
  0.598718408E+00  0.2793E-01  0.2589E-01  0.8792E-01
  0.606208609E+00  0.2648E-01  0.2454E-01  0.8707E-01
  0.655295649E+00  0.2665E-01  0.2474E-01  0.8744E-01
  0.674053967E+00  0.2647E-01  0.2446E-01  0.8677E-01
  0.674276661E+00  0.2640E-01  0.2427E-01  0.8630E-01
  0.674480426E+00  0.2619E-01  0.2382E-01  0.8509E-01
  0.674623215E+00  0.2589E-01  0.2314E-01  0.8339E-01
  0.674753183E+00  0.2539E-01  0.2208E-01  0.8068E-01
  0.674870393E+00  0.2468E-01  0.2057E-01  0.7683E-01
  0.674987491E+00  0.2360E-01  0.1834E-01  0.7118E-01
  0.675131796E+00  0.2169E-01  0.1450E-01  0.6149E-01
  0.675308156E+00  0.1864E-01  0.8851E-02  0.4733E-01
  0.675397878E+00  0.1701E-01  0.6165E-02  0.4061E-01
  0.675466878E+00  0.1590E-01  0.4435E-02  0.3629E-01
  0.675527958E+00  0.1505E-01  0.3206E-02  0.3320E-01
  0.675586076E+00  0.1440E-01  0.2299E-02  0.3091E-01
  0.675644053E+00  0.1388E-01  0.1620E-02  0.2919E-01
  0.675704076E+00  0.1347E-01  0.1112E-02  0.2789E-01
  0.675768356E+00  0.1316E-01  0.7366E-03  0.2692E-01
  0.675839738E+00  0.1292E-01  0.4641E-03  0.2621E-01
  0.675922975E+00  0.1275E-01  0.2720E-03  0.2571E-01
  0.676029237E+00  0.1263E-01  0.1406E-03  0.2537E-01
  0.676203229E+00  0.1255E-01  0.5304E-04  0.2514E-01
  0.707332671E+00  0.1248E-01 -0.2363E-04  0.2494E-01
  0.764398951E+00  0.1250E-01  0.4434E-05  0.2501E-01
  0.823202753E+00  0.1250E-01  0.1820E-06  0.2500E-01
  0.882120275E+00  0.1250E-01 -0.5725E-06  0.2500E-01
  0.941057551E+00  0.1250E-01  0.2764E-06  0.2500E-01
  0.100000000E+01  0.1250E-01  0.0000E+00  0.2500E-01
t= 0.200000E+00, nstep= 379, cpu=     4.5
  0.000000000E+00  0.1000E+00  0.0000E+00  0.2500E+00
  0.761868769E-01  0.9999E-01  0.1546E-05  0.2500E+00
  0.148609424E+00  0.1000E+00 -0.6846E-05  0.2500E+00
  0.209895090E+00  0.1000E+00  0.3358E-05  0.2501E+00
  0.227935321E+00  0.9984E-01  0.1516E-04  0.2497E+00
  0.238360796E+00  0.1000E+00  0.1120E-03  0.2495E+00
  0.254114701E+00  0.9995E-01  0.1180E-04  0.2500E+00
  0.277274665E+00  0.9453E-01  0.6311E-02  0.2312E+00
  0.296852609E+00  0.8842E-01  0.1284E-01  0.2112E+00
  0.315485260E+00  0.8278E-01  0.1815E-01  0.1939E+00
  0.328766514E+00  0.7907E-01  0.2150E-01  0.1828E+00
  0.342702960E+00  0.7511E-01  0.2469E-01  0.1714E+00
  0.353959172E+00  0.7216E-01  0.2699E-01  0.1633E+00
  0.366813140E+00  0.6872E-01  0.2935E-01  0.1542E+00
  0.376045203E+00  0.6648E-01  0.3087E-01  0.1483E+00
  0.388269956E+00  0.6339E-01  0.3264E-01  0.1405E+00
  0.400363230E+00  0.6059E-01  0.3420E-01  0.1337E+00
  0.411831534E+00  0.5795E-01  0.3544E-01  0.1273E+00
  0.420513311E+00  0.5607E-01  0.3627E-01  0.1230E+00
  0.431024822E+00  0.5376E-01  0.3712E-01  0.1177E+00
  0.443097818E+00  0.5131E-01  0.3794E-01  0.1122E+00
  0.453448924E+00  0.4921E-01  0.3846E-01  0.1077E+00
  0.462466093E+00  0.4754E-01  0.3885E-01  0.1042E+00
  0.471097041E+00  0.4595E-01  0.3912E-01  0.1009E+00
  0.477362233E+00  0.4497E-01  0.3928E-01  0.9885E-01
  0.484551656E+00  0.4388E-01  0.3941E-01  0.9663E-01
  0.488387741E+00  0.4347E-01  0.3945E-01  0.9582E-01
  0.494105997E+00  0.4292E-01  0.3949E-01  0.9471E-01
  0.497869433E+00  0.4279E-01  0.3950E-01  0.9446E-01
  0.504686916E+00  0.4263E-01  0.3951E-01  0.9414E-01
  0.525535340E+00  0.4263E-01  0.3955E-01  0.9417E-01
  0.538193366E+00  0.4260E-01  0.3951E-01  0.9410E-01
  0.553671963E+00  0.4261E-01  0.3953E-01  0.9413E-01
  0.567963315E+00  0.4260E-01  0.3950E-01  0.9408E-01
  0.605368257E+00  0.4263E-01  0.3950E-01  0.9419E-01
  0.629491046E+00  0.4259E-01  0.3948E-01  0.9408E-01
  0.653906050E+00  0.4262E-01  0.3954E-01  0.9420E-01
  0.662916248E+00  0.4234E-01  0.3926E-01  0.9392E-01
  0.673571649E+00  0.4173E-01  0.3870E-01  0.9377E-01
  0.675464626E+00  0.4092E-01  0.3793E-01  0.9331E-01
  0.679435615E+00  0.3881E-01  0.3600E-01  0.9255E-01
  0.689966999E+00  0.3002E-01  0.2782E-01  0.8864E-01
  0.694678374E+00  0.2811E-01  0.2608E-01  0.8797E-01
  0.698504307E+00  0.2675E-01  0.2478E-01  0.8721E-01
  0.722445193E+00  0.2652E-01  0.2460E-01  0.8726E-01
  0.763199814E+00  0.2652E-01  0.2457E-01  0.8707E-01
  0.848923701E+00  0.2663E-01  0.2474E-01  0.8741E-01
  0.849308009E+00  0.2650E-01  0.2451E-01  0.8692E-01
  0.849487647E+00  0.2640E-01  0.2427E-01  0.8627E-01
  0.849622795E+00  0.2623E-01  0.2390E-01  0.8533E-01
  0.849739580E+00  0.2598E-01  0.2336E-01  0.8394E-01
  0.849842353E+00  0.2563E-01  0.2261E-01  0.8204E-01
  0.849937034E+00  0.2516E-01  0.2160E-01  0.7947E-01
  0.850027602E+00  0.2453E-01  0.2026E-01  0.7606E-01
  0.850118867E+00  0.2365E-01  0.1845E-01  0.7147E-01
  0.850220076E+00  0.2237E-01  0.1586E-01  0.6493E-01
  0.850506017E+00  0.1754E-01  0.6863E-02  0.4236E-01
  0.850572219E+00  0.1634E-01  0.5066E-02  0.3785E-01
  0.850632114E+00  0.1543E-01  0.3724E-02  0.3450E-01
  0.850687790E+00  0.1472E-01  0.2730E-02  0.3200E-01
  0.850742089E+00  0.1416E-01  0.1981E-02  0.3011E-01
  0.850797066E+00  0.1372E-01  0.1412E-02  0.2866E-01
  0.850854521E+00  0.1337E-01  0.9803E-03  0.2755E-01
  0.850916414E+00  0.1309E-01  0.6575E-03  0.2672E-01
  0.850985397E+00  0.1289E-01  0.4204E-03  0.2610E-01
  0.851066050E+00  0.1273E-01  0.2508E-03  0.2566E-01
  0.851169328E+00  0.1263E-01  0.1329E-03  0.2535E-01
  0.851338816E+00  0.1255E-01  0.5273E-04  0.2514E-01
  0.868568704E+00  0.1248E-01 -0.2540E-04  0.2493E-01
  0.900214181E+00  0.1251E-01  0.5970E-05  0.2502E-01
  0.933289527E+00  0.1250E-01  0.2252E-05  0.2500E-01
  0.966613437E+00  0.1250E-01 -0.2344E-05  0.2500E-01
  0.100000000E+01  0.1250E-01  0.0000E+00  0.2500E-01
t= 0.280000E+00, nstep= 462, cpu=     5.7
  0.000000000E+00  0.1000E+00  0.0000E+00  0.2501E+00
  0.829652741E-01  0.9998E-01 -0.2683E-04  0.2499E+00
  0.127480032E+00  0.1000E+00  0.3483E-04  0.2500E+00
  0.133942207E+00  0.9990E-01  0.1794E-03  0.2496E+00
  0.144779215E+00  0.1001E+00 -0.1743E-03  0.2507E+00
  0.156594647E+00  0.9943E-01  0.5372E-03  0.2482E+00
  0.167349715E+00  0.9903E-01  0.1353E-02  0.2464E+00
  0.181488111E+00  0.9589E-01  0.4701E-02  0.2358E+00
  0.213458109E+00  0.8906E-01  0.1218E-01  0.2132E+00
  0.248342702E+00  0.8137E-01  0.1946E-01  0.1896E+00
  0.270435589E+00  0.7703E-01  0.2325E-01  0.1770E+00
  0.293606928E+00  0.7236E-01  0.2681E-01  0.1640E+00
  0.311516650E+00  0.6910E-01  0.2915E-01  0.1551E+00
  0.331001094E+00  0.6549E-01  0.3140E-01  0.1458E+00
  0.348788232E+00  0.6247E-01  0.3319E-01  0.1382E+00
  0.366640753E+00  0.5944E-01  0.3473E-01  0.1308E+00
  0.381208573E+00  0.5716E-01  0.3584E-01  0.1254E+00
  0.400770043E+00  0.5406E-01  0.3704E-01  0.1183E+00
  0.420017894E+00  0.5124E-01  0.3799E-01  0.1121E+00
  0.434516695E+00  0.4912E-01  0.3850E-01  0.1075E+00
  0.446549746E+00  0.4752E-01  0.3887E-01  0.1041E+00
  0.462342867E+00  0.4543E-01  0.3919E-01  0.9979E-01
  0.470398323E+00  0.4456E-01  0.3934E-01  0.9800E-01
  0.480574214E+00  0.4346E-01  0.3944E-01  0.9577E-01
  0.485262299E+00  0.4319E-01  0.3947E-01  0.9524E-01
  0.493355931E+00  0.4272E-01  0.3950E-01  0.9430E-01
  0.500770351E+00  0.4268E-01  0.3952E-01  0.9423E-01
  0.512982676E+00  0.4260E-01  0.3952E-01  0.9406E-01
  0.534809403E+00  0.4262E-01  0.3952E-01  0.9414E-01
  0.549591564E+00  0.4261E-01  0.3953E-01  0.9411E-01
  0.600270411E+00  0.4265E-01  0.3953E-01  0.9420E-01
  0.629107554E+00  0.4260E-01  0.3949E-01  0.9408E-01
  0.657616829E+00  0.4262E-01  0.3953E-01  0.9417E-01
  0.677910874E+00  0.4258E-01  0.3949E-01  0.9407E-01
  0.715096733E+00  0.4261E-01  0.3951E-01  0.9416E-01
  0.727154953E+00  0.4256E-01  0.3948E-01  0.9407E-01
  0.739766970E+00  0.4229E-01  0.3921E-01  0.9401E-01
  0.742785651E+00  0.4199E-01  0.3895E-01  0.9382E-01
  0.749543147E+00  0.4055E-01  0.3760E-01  0.9323E-01
  0.750832603E+00  0.3999E-01  0.3709E-01  0.9295E-01
  0.763959642E+00  0.3099E-01  0.2873E-01  0.8908E-01
  0.768172131E+00  0.2852E-01  0.2645E-01  0.8802E-01
  0.770216440E+00  0.2783E-01  0.2580E-01  0.8773E-01
  0.779596232E+00  0.2655E-01  0.2462E-01  0.8720E-01
  0.824980487E+00  0.2653E-01  0.2460E-01  0.8721E-01
  0.894524927E+00  0.2658E-01  0.2466E-01  0.8720E-01
  0.989400575E+00  0.2654E-01  0.2459E-01  0.8712E-01
  0.989557723E+00  0.2651E-01  0.2449E-01  0.8690E-01
  0.989751272E+00  0.2638E-01  0.2422E-01  0.8616E-01
  0.989881840E+00  0.2622E-01  0.2384E-01  0.8522E-01
  0.989997832E+00  0.2596E-01  0.2329E-01  0.8379E-01
  0.990099401E+00  0.2561E-01  0.2253E-01  0.8186E-01
  0.990193197E+00  0.2513E-01  0.2151E-01  0.7927E-01
  0.990283044E+00  0.2449E-01  0.2016E-01  0.7584E-01
  0.990373764E+00  0.2361E-01  0.1834E-01  0.7123E-01
  0.990474739E+00  0.2233E-01  0.1574E-01  0.6467E-01
  0.990741180E+00  0.1781E-01  0.7324E-02  0.4354E-01
  0.990802778E+00  0.1668E-01  0.5581E-02  0.3917E-01
  0.990857027E+00  0.1581E-01  0.4269E-02  0.3589E-01
  0.990906449E+00  0.1512E-01  0.3275E-02  0.3340E-01
  0.990953580E+00  0.1456E-01  0.2503E-02  0.3146E-01
  0.991000071E+00  0.1410E-01  0.1895E-02  0.2992E-01
  0.991047165E+00  0.1373E-01  0.1415E-02  0.2869E-01
  0.991095975E+00  0.1342E-01  0.1037E-02  0.2773E-01
  0.991147684E+00  0.1317E-01  0.7413E-03  0.2696E-01
  0.991203757E+00  0.1298E-01  0.5128E-03  0.2637E-01
  0.991266349E+00  0.1282E-01  0.3392E-03  0.2592E-01
  0.991339343E+00  0.1271E-01  0.2098E-03  0.2558E-01
  0.991431860E+00  0.1262E-01  0.1153E-03  0.2533E-01
  0.991576384E+00  0.1256E-01  0.4685E-04  0.2515E-01
  0.992815411E+00  0.1248E-01 -0.3664E-04  0.2493E-01
  0.996420618E+00  0.1250E-01 -0.6905E-05  0.2502E-01
  0.100000000E+01  0.1251E-01  0.0000E+00  0.2503E-01
t= 0.284000E+00, nstep= 472, cpu=     5.9
  0.000000000E+00  0.1000E+00  0.0000E+00  0.2501E+00
  0.830381918E-01  0.9998E-01 -0.2652E-04  0.2499E+00
  0.123452101E+00  0.1000E+00  0.3497E-04  0.2500E+00
  0.129722662E+00  0.9993E-01  0.1368E-03  0.2496E+00
  0.140772120E+00  0.1001E+00 -0.1305E-03  0.2507E+00
  0.160108396E+00  0.9895E-01  0.1080E-02  0.2465E+00
  0.164254098E+00  0.9874E-01  0.1695E-02  0.2454E+00
  0.180806862E+00  0.9509E-01  0.5613E-02  0.2331E+00
  0.208916353E+00  0.8917E-01  0.1207E-01  0.2135E+00
  0.244884687E+00  0.8133E-01  0.1948E-01  0.1895E+00
  0.267795767E+00  0.7691E-01  0.2335E-01  0.1766E+00
  0.290970357E+00  0.7230E-01  0.2686E-01  0.1638E+00
  0.309150303E+00  0.6904E-01  0.2920E-01  0.1550E+00
  0.329306396E+00  0.6537E-01  0.3148E-01  0.1454E+00
  0.346561045E+00  0.6247E-01  0.3318E-01  0.1382E+00
  0.365829403E+00  0.5925E-01  0.3481E-01  0.1304E+00
  0.380509232E+00  0.5700E-01  0.3591E-01  0.1250E+00
  0.399679966E+00  0.5400E-01  0.3706E-01  0.1182E+00
  0.419538845E+00  0.5114E-01  0.3802E-01  0.1119E+00
  0.435193790E+00  0.4889E-01  0.3856E-01  0.1071E+00
  0.447299219E+00  0.4732E-01  0.3892E-01  0.1037E+00
  0.462826365E+00  0.4530E-01  0.3922E-01  0.9953E-01
  0.470974800E+00  0.4444E-01  0.3935E-01  0.9777E-01
  0.480882482E+00  0.4341E-01  0.3944E-01  0.9566E-01
  0.485687736E+00  0.4314E-01  0.3948E-01  0.9514E-01
  0.493688376E+00  0.4271E-01  0.3950E-01  0.9427E-01
  0.501531714E+00  0.4267E-01  0.3951E-01  0.9421E-01
  0.513903667E+00  0.4260E-01  0.3952E-01  0.9406E-01
  0.536017692E+00  0.4262E-01  0.3952E-01  0.9413E-01
  0.551161151E+00  0.4262E-01  0.3953E-01  0.9411E-01
  0.603964774E+00  0.4265E-01  0.3953E-01  0.9421E-01
  0.634334851E+00  0.4260E-01  0.3949E-01  0.9407E-01
  0.663238156E+00  0.4262E-01  0.3953E-01  0.9416E-01
  0.682822959E+00  0.4258E-01  0.3949E-01  0.9407E-01
  0.718282823E+00  0.4261E-01  0.3951E-01  0.9415E-01
  0.730653626E+00  0.4256E-01  0.3948E-01  0.9407E-01
  0.743085685E+00  0.4230E-01  0.3923E-01  0.9401E-01
  0.746642766E+00  0.4195E-01  0.3892E-01  0.9381E-01
  0.752902872E+00  0.4062E-01  0.3766E-01  0.9326E-01
  0.754787433E+00  0.3980E-01  0.3692E-01  0.9288E-01
  0.768067750E+00  0.3074E-01  0.2849E-01  0.8898E-01
  0.771662733E+00  0.2867E-01  0.2659E-01  0.8809E-01
  0.774221706E+00  0.2780E-01  0.2576E-01  0.8771E-01
  0.783244191E+00  0.2655E-01  0.2462E-01  0.8719E-01
  0.829144594E+00  0.2653E-01  0.2460E-01  0.8721E-01
  0.900149095E+00  0.2659E-01  0.2466E-01  0.8721E-01
  0.996355577E+00  0.2654E-01  0.2458E-01  0.8712E-01
  0.996579302E+00  0.2648E-01  0.2446E-01  0.8680E-01
  0.996761810E+00  0.2636E-01  0.2420E-01  0.8612E-01
  0.996893922E+00  0.2619E-01  0.2382E-01  0.8517E-01
  0.997009079E+00  0.2594E-01  0.2327E-01  0.8376E-01
  0.997110572E+00  0.2559E-01  0.2252E-01  0.8184E-01
  0.997204296E+00  0.2511E-01  0.2150E-01  0.7925E-01
  0.997294089E+00  0.2447E-01  0.2015E-01  0.7582E-01
  0.997384734E+00  0.2360E-01  0.1834E-01  0.7121E-01
  0.997485563E+00  0.2231E-01  0.1574E-01  0.6463E-01
  0.997746186E+00  0.1788E-01  0.7460E-02  0.4386E-01
  0.997806137E+00  0.1676E-01  0.5736E-02  0.3953E-01
  0.997858405E+00  0.1590E-01  0.4436E-02  0.3629E-01
  0.997905541E+00  0.1523E-01  0.3449E-02  0.3381E-01
  0.997949976E+00  0.1468E-01  0.2678E-02  0.3187E-01
  0.997993223E+00  0.1422E-01  0.2068E-02  0.3033E-01
  0.998036349E+00  0.1385E-01  0.1581E-02  0.2909E-01
  0.998080229E+00  0.1354E-01  0.1193E-02  0.2810E-01
  0.998125696E+00  0.1328E-01  0.8846E-03  0.2730E-01
  0.998173668E+00  0.1308E-01  0.6409E-03  0.2667E-01
  0.998225301E+00  0.1291E-01  0.4505E-03  0.2618E-01
  0.998282275E+00  0.1278E-01  0.3037E-03  0.2579E-01
  0.998347535E+00  0.1268E-01  0.1925E-03  0.2550E-01
  0.998427764E+00  0.1260E-01  0.1095E-03  0.2528E-01
  0.998543778E+00  0.1254E-01  0.4867E-04  0.2512E-01
  0.999195550E+00  0.1248E-01 -0.1432E-04  0.2494E-01
  0.100000000E+01  0.1248E-01  0.0000E+00  0.2494E-01
t= 0.288000E+00, nstep= 552, cpu=     7.1
  0.000000000E+00  0.1000E+00  0.0000E+00  0.2501E+00
  0.845304769E-01  0.9998E-01 -0.2736E-04  0.2499E+00
  0.121725433E+00  0.1000E+00  0.5432E-04  0.2500E+00
  0.127286540E+00  0.9994E-01  0.4882E-04  0.2496E+00
  0.137250514E+00  0.1001E+00 -0.5664E-04  0.2506E+00
  0.154284258E+00  0.9901E-01  0.9840E-03  0.2468E+00
  0.161599169E+00  0.9833E-01  0.2090E-02  0.2440E+00
  0.178299918E+00  0.9468E-01  0.6087E-02  0.2318E+00
  0.204486070E+00  0.8925E-01  0.1200E-01  0.2137E+00
  0.241459716E+00  0.8129E-01  0.1950E-01  0.1894E+00
  0.265279796E+00  0.7677E-01  0.2347E-01  0.1762E+00
  0.288504605E+00  0.7221E-01  0.2692E-01  0.1636E+00
  0.307137033E+00  0.6893E-01  0.2930E-01  0.1547E+00
  0.327803833E+00  0.6521E-01  0.3158E-01  0.1451E+00
  0.344527523E+00  0.6245E-01  0.3320E-01  0.1381E+00
  0.365072260E+00  0.5906E-01  0.3489E-01  0.1299E+00
  0.380170963E+00  0.5679E-01  0.3599E-01  0.1245E+00
  0.398625483E+00  0.5395E-01  0.3707E-01  0.1181E+00
  0.418696406E+00  0.5110E-01  0.3804E-01  0.1118E+00
  0.435695135E+00  0.4870E-01  0.3861E-01  0.1067E+00
  0.448125981E+00  0.4712E-01  0.3897E-01  0.1033E+00
  0.463216999E+00  0.4519E-01  0.3924E-01  0.9931E-01
  0.471397901E+00  0.4435E-01  0.3936E-01  0.9759E-01
  0.481067539E+00  0.4336E-01  0.3945E-01  0.9558E-01
  0.485945292E+00  0.4311E-01  0.3948E-01  0.9508E-01
  0.493883581E+00  0.4270E-01  0.3950E-01  0.9425E-01
  0.501949351E+00  0.4267E-01  0.3951E-01  0.9420E-01
  0.514399486E+00  0.4260E-01  0.3952E-01  0.9406E-01
  0.536892866E+00  0.4262E-01  0.3952E-01  0.9412E-01
  0.552479206E+00  0.4262E-01  0.3953E-01  0.9411E-01
  0.607593139E+00  0.4266E-01  0.3953E-01  0.9421E-01
  0.639486369E+00  0.4259E-01  0.3949E-01  0.9406E-01
  0.668785943E+00  0.4262E-01  0.3953E-01  0.9416E-01
  0.687707020E+00  0.4258E-01  0.3949E-01  0.9408E-01
  0.721500658E+00  0.4261E-01  0.3951E-01  0.9414E-01
  0.734175412E+00  0.4256E-01  0.3948E-01  0.9407E-01
  0.746329319E+00  0.4232E-01  0.3924E-01  0.9401E-01
  0.750604810E+00  0.4190E-01  0.3888E-01  0.9380E-01
  0.756267998E+00  0.4069E-01  0.3773E-01  0.9330E-01
  0.758746670E+00  0.3962E-01  0.3676E-01  0.9281E-01
  0.772186103E+00  0.3049E-01  0.2826E-01  0.8888E-01
  0.775156936E+00  0.2880E-01  0.2671E-01  0.8815E-01
  0.778211896E+00  0.2776E-01  0.2573E-01  0.8770E-01
  0.786886448E+00  0.2655E-01  0.2462E-01  0.8718E-01
  0.832279506E+00  0.2652E-01  0.2460E-01  0.8721E-01
  0.902763006E+00  0.2659E-01  0.2466E-01  0.8721E-01
  0.996240887E+00  0.2654E-01  0.2459E-01  0.8713E-01
  0.996420733E+00  0.2661E-01  0.2456E-01  0.8736E-01
  0.996531032E+00  0.2672E-01  0.2452E-01  0.8772E-01
  0.996615429E+00  0.2688E-01  0.2447E-01  0.8824E-01
  0.996685425E+00  0.2710E-01  0.2438E-01  0.8895E-01
  0.996746409E+00  0.2738E-01  0.2427E-01  0.8989E-01
  0.996801825E+00  0.2774E-01  0.2411E-01  0.9113E-01
  0.996854292E+00  0.2821E-01  0.2389E-01  0.9273E-01
  0.996906033E+00  0.2882E-01  0.2359E-01  0.9487E-01
  0.996959480E+00  0.2963E-01  0.2313E-01  0.9777E-01
  0.997017120E+00  0.3074E-01  0.2244E-01  0.1019E+00
  0.997081380E+00  0.3227E-01  0.2136E-01  0.1077E+00
  0.997158632E+00  0.3448E-01  0.1958E-01  0.1166E+00
  0.997252579E+00  0.3749E-01  0.1675E-01  0.1293E+00
  0.997352182E+00  0.4068E-01  0.1331E-01  0.1437E+00
  0.997443673E+00  0.4330E-01  0.1020E-01  0.1562E+00
  0.997527311E+00  0.4528E-01  0.7676E-02  0.1660E+00
  0.997607130E+00  0.4678E-01  0.5685E-02  0.1735E+00
  0.997686601E+00  0.4793E-01  0.4123E-02  0.1794E+00
  0.997768834E+00  0.4880E-01  0.2902E-02  0.1840E+00
  0.997856934E+00  0.4946E-01  0.1958E-02  0.1875E+00
  0.997954175E+00  0.4995E-01  0.1247E-02  0.1901E+00
  0.998067283E+00  0.5031E-01  0.7242E-03  0.1920E+00
  0.998197638E+00  0.5054E-01  0.3759E-03  0.1933E+00
  0.998389286E+00  0.5070E-01  0.1327E-03  0.1942E+00
  0.998462231E+00  0.5071E-01  0.6872E-04  0.1943E+00
  0.100000000E+01  0.5069E-01  0.0000E+00  0.1948E+00
t= 0.292000E+00, nstep= 568, cpu=     7.2
  0.000000000E+00  0.1000E+00  0.0000E+00  0.2501E+00
  0.889755261E-01  0.9997E-01 -0.2293E-04  0.2499E+00
  0.125924094E+00  0.1000E+00  0.7208E-04  0.2499E+00
  0.130194973E+00  0.1000E+00 -0.1268E-03  0.2499E+00
  0.134780481E+00  0.1001E+00  0.5813E-04  0.2503E+00
  0.148519842E+00  0.9909E-01  0.9251E-03  0.2472E+00
  0.157770336E+00  0.9815E-01  0.2231E-02  0.2435E+00
  0.174568923E+00  0.9453E-01  0.6252E-02  0.2313E+00
  0.200041953E+00  0.8934E-01  0.1194E-01  0.2140E+00
  0.238106134E+00  0.8123E-01  0.1954E-01  0.1892E+00
  0.262834564E+00  0.7661E-01  0.2359E-01  0.1757E+00
  0.286216723E+00  0.7209E-01  0.2701E-01  0.1632E+00
  0.305539151E+00  0.6874E-01  0.2943E-01  0.1542E+00
  0.326481277E+00  0.6503E-01  0.3170E-01  0.1446E+00
  0.342784275E+00  0.6239E-01  0.3324E-01  0.1380E+00
  0.364272072E+00  0.5888E-01  0.3497E-01  0.1295E+00
  0.380020847E+00  0.5655E-01  0.3607E-01  0.1240E+00
  0.397660134E+00  0.5388E-01  0.3709E-01  0.1179E+00
  0.417606799E+00  0.5109E-01  0.3804E-01  0.1118E+00
  0.435965095E+00  0.4855E-01  0.3865E-01  0.1063E+00
  0.448869948E+00  0.4693E-01  0.3901E-01  0.1029E+00
  0.463452035E+00  0.4510E-01  0.3926E-01  0.9914E-01
  0.471580916E+00  0.4428E-01  0.3937E-01  0.9746E-01
  0.481065742E+00  0.4334E-01  0.3946E-01  0.9554E-01
  0.485953683E+00  0.4309E-01  0.3948E-01  0.9504E-01
  0.493877212E+00  0.4270E-01  0.3951E-01  0.9425E-01
  0.502027159E+00  0.4266E-01  0.3951E-01  0.9418E-01
  0.514555090E+00  0.4260E-01  0.3952E-01  0.9405E-01
  0.537562888E+00  0.4262E-01  0.3951E-01  0.9412E-01
  0.553661958E+00  0.4261E-01  0.3953E-01  0.9411E-01
  0.611201311E+00  0.4266E-01  0.3954E-01  0.9422E-01
  0.644511716E+00  0.4259E-01  0.3949E-01  0.9406E-01
  0.674159536E+00  0.4262E-01  0.3953E-01  0.9415E-01
  0.692479416E+00  0.4258E-01  0.3949E-01  0.9409E-01
  0.724797492E+00  0.4261E-01  0.3950E-01  0.9413E-01
  0.737792633E+00  0.4256E-01  0.3948E-01  0.9408E-01
  0.749580612E+00  0.4233E-01  0.3925E-01  0.9401E-01
  0.754611530E+00  0.4185E-01  0.3883E-01  0.9378E-01
  0.759675282E+00  0.4076E-01  0.3779E-01  0.9334E-01
  0.762680837E+00  0.3946E-01  0.3661E-01  0.9275E-01
  0.776247403E+00  0.3027E-01  0.2806E-01  0.8880E-01
  0.778653101E+00  0.2893E-01  0.2683E-01  0.8820E-01
  0.782154505E+00  0.2773E-01  0.2570E-01  0.8770E-01
  0.790536807E+00  0.2656E-01  0.2463E-01  0.8718E-01
  0.834818586E+00  0.2652E-01  0.2460E-01  0.8721E-01
  0.903529958E+00  0.2659E-01  0.2466E-01  0.8721E-01
  0.992200367E+00  0.2655E-01  0.2460E-01  0.8715E-01
  0.992387423E+00  0.2663E-01  0.2457E-01  0.8742E-01
  0.992503205E+00  0.2677E-01  0.2452E-01  0.8786E-01
  0.992592245E+00  0.2696E-01  0.2445E-01  0.8850E-01
  0.992666706E+00  0.2724E-01  0.2434E-01  0.8941E-01
  0.992732073E+00  0.2760E-01  0.2419E-01  0.9065E-01
  0.992791454E+00  0.2808E-01  0.2397E-01  0.9228E-01
  0.992846946E+00  0.2868E-01  0.2367E-01  0.9439E-01
  0.992900269E+00  0.2944E-01  0.2326E-01  0.9709E-01
  0.992953197E+00  0.3039E-01  0.2268E-01  0.1006E+00
  0.993007957E+00  0.3159E-01  0.2188E-01  0.1051E+00
  0.993067938E+00  0.3315E-01  0.2071E-01  0.1111E+00
  0.993140765E+00  0.3532E-01  0.1887E-01  0.1200E+00
  0.993248075E+00  0.3877E-01  0.1549E-01  0.1349E+00
  0.993382023E+00  0.4276E-01  0.1092E-01  0.1535E+00
  0.993479257E+00  0.4511E-01  0.7964E-02  0.1650E+00
  0.993562908E+00  0.4669E-01  0.5881E-02  0.1729E+00
  0.993642865E+00  0.4785E-01  0.4312E-02  0.1788E+00
  0.993723695E+00  0.4872E-01  0.3103E-02  0.1833E+00
  0.993808357E+00  0.4937E-01  0.2172E-02  0.1868E+00
  0.993899711E+00  0.4987E-01  0.1465E-02  0.1894E+00
  0.993999893E+00  0.5023E-01  0.9433E-03  0.1913E+00
  0.994116854E+00  0.5049E-01  0.5619E-03  0.1927E+00
  0.994248593E+00  0.5066E-01  0.3077E-03  0.1936E+00
  0.994454111E+00  0.5079E-01  0.1189E-03  0.1944E+00
  0.994681620E+00  0.5087E-01  0.2820E-04  0.1947E+00
  0.100000000E+01  0.5075E-01  0.0000E+00  0.1948E+00
t= 0.296000E+00, nstep= 577, cpu=     7.3
  0.000000000E+00  0.1000E+00  0.0000E+00  0.2501E+00
  0.951223794E-01  0.9996E-01 -0.2050E-04  0.2499E+00
  0.123462174E+00  0.1000E+00  0.9868E-04  0.2500E+00
  0.126275429E+00  0.1001E+00 -0.1803E-03  0.2502E+00
  0.136561045E+00  0.9971E-01  0.4085E-03  0.2489E+00
  0.143469724E+00  0.9912E-01  0.9319E-03  0.2474E+00
  0.153517058E+00  0.9806E-01  0.2314E-02  0.2432E+00
  0.171259019E+00  0.9429E-01  0.6494E-02  0.2305E+00
  0.195967740E+00  0.8935E-01  0.1196E-01  0.2140E+00
  0.234849651E+00  0.8116E-01  0.1959E-01  0.1890E+00
  0.260373202E+00  0.7646E-01  0.2371E-01  0.1753E+00
  0.284048338E+00  0.7195E-01  0.2711E-01  0.1628E+00
  0.304282958E+00  0.6849E-01  0.2960E-01  0.1536E+00
  0.325310710E+00  0.6483E-01  0.3183E-01  0.1441E+00
  0.341460119E+00  0.6226E-01  0.3333E-01  0.1376E+00
  0.363409167E+00  0.5871E-01  0.3504E-01  0.1291E+00
  0.379954892E+00  0.5631E-01  0.3617E-01  0.1234E+00
  0.396865535E+00  0.5378E-01  0.3712E-01  0.1177E+00
  0.416393459E+00  0.5109E-01  0.3803E-01  0.1118E+00
  0.435963888E+00  0.4843E-01  0.3868E-01  0.1061E+00
  0.449345583E+00  0.4679E-01  0.3903E-01  0.1026E+00
  0.463449205E+00  0.4504E-01  0.3927E-01  0.9903E-01
  0.471468799E+00  0.4425E-01  0.3938E-01  0.9740E-01
  0.480841774E+00  0.4334E-01  0.3946E-01  0.9554E-01
  0.485716232E+00  0.4309E-01  0.3949E-01  0.9504E-01
  0.493675126E+00  0.4270E-01  0.3951E-01  0.9426E-01
  0.501932232E+00  0.4266E-01  0.3951E-01  0.9418E-01
  0.514615997E+00  0.4260E-01  0.3951E-01  0.9405E-01
  0.538241414E+00  0.4262E-01  0.3951E-01  0.9411E-01
  0.554889463E+00  0.4261E-01  0.3952E-01  0.9411E-01
  0.614834294E+00  0.4266E-01  0.3954E-01  0.9422E-01
  0.649354411E+00  0.4259E-01  0.3949E-01  0.9405E-01
  0.679246373E+00  0.4262E-01  0.3953E-01  0.9415E-01
  0.697044536E+00  0.4258E-01  0.3949E-01  0.9409E-01
  0.728183746E+00  0.4260E-01  0.3950E-01  0.9413E-01
  0.741527254E+00  0.4255E-01  0.3948E-01  0.9408E-01
  0.752878545E+00  0.4235E-01  0.3927E-01  0.9401E-01
  0.758602496E+00  0.4180E-01  0.3878E-01  0.9376E-01
  0.763134622E+00  0.4081E-01  0.3785E-01  0.9336E-01
  0.766586769E+00  0.3932E-01  0.3648E-01  0.9270E-01
  0.780194358E+00  0.3013E-01  0.2793E-01  0.8876E-01
  0.782174769E+00  0.2904E-01  0.2693E-01  0.8825E-01
  0.786031340E+00  0.2771E-01  0.2569E-01  0.8770E-01
  0.794210447E+00  0.2656E-01  0.2463E-01  0.8717E-01
  0.837368693E+00  0.2652E-01  0.2460E-01  0.8720E-01
  0.904207363E+00  0.2658E-01  0.2466E-01  0.8721E-01
  0.988163681E+00  0.2656E-01  0.2460E-01  0.8718E-01
  0.988351831E+00  0.2665E-01  0.2457E-01  0.8746E-01
  0.988468401E+00  0.2678E-01  0.2453E-01  0.8791E-01
  0.988558074E+00  0.2699E-01  0.2445E-01  0.8858E-01
  0.988633106E+00  0.2727E-01  0.2434E-01  0.8953E-01
  0.988699045E+00  0.2766E-01  0.2417E-01  0.9083E-01
  0.988759058E+00  0.2816E-01  0.2394E-01  0.9255E-01
  0.988815284E+00  0.2880E-01  0.2362E-01  0.9478E-01
  0.988869454E+00  0.2960E-01  0.2318E-01  0.9765E-01
  0.988923274E+00  0.3060E-01  0.2256E-01  0.1013E+00
  0.988978887E+00  0.3187E-01  0.2170E-01  0.1061E+00
  0.989039824E+00  0.3350E-01  0.2045E-01  0.1125E+00
  0.989114459E+00  0.3577E-01  0.1849E-01  0.1218E+00
  0.989239794E+00  0.3979E-01  0.1440E-01  0.1395E+00
  0.989373903E+00  0.4362E-01  0.9880E-02  0.1576E+00
  0.989461941E+00  0.4561E-01  0.7336E-02  0.1674E+00
  0.989539706E+00  0.4699E-01  0.5497E-02  0.1744E+00
  0.989615272E+00  0.4803E-01  0.4080E-02  0.1797E+00
  0.989692391E+00  0.4883E-01  0.2968E-02  0.1839E+00
  0.989773813E+00  0.4944E-01  0.2096E-02  0.1871E+00
  0.989862381E+00  0.4991E-01  0.1421E-02  0.1896E+00
  0.989961296E+00  0.5027E-01  0.9113E-03  0.1915E+00
  0.990077141E+00  0.5053E-01  0.5347E-03  0.1929E+00
  0.990216577E+00  0.5070E-01  0.2757E-03  0.1938E+00
  0.990422442E+00  0.5084E-01  0.9497E-04  0.1945E+00
  0.990500122E+00  0.5087E-01  0.4853E-04  0.1946E+00
  0.100000000E+01  0.5081E-01  0.0000E+00  0.1949E+00
t= 0.300000E+00, nstep= 589, cpu=     7.6
  0.000000000E+00  0.1000E+00  0.0000E+00  0.2501E+00
  0.991792500E-01  0.9996E-01 -0.1950E-04  0.2499E+00
  0.116412552E+00  0.9999E-01  0.1179E-03  0.2499E+00
  0.119992348E+00  0.1001E+00 -0.1036E-03  0.2505E+00
  0.132313518E+00  0.9973E-01  0.3774E-03  0.2488E+00
  0.139182773E+00  0.9908E-01  0.9436E-03  0.2472E+00
  0.149431545E+00  0.9796E-01  0.2457E-02  0.2430E+00
  0.169141425E+00  0.9381E-01  0.6998E-02  0.2289E+00
  0.192947275E+00  0.8914E-01  0.1218E-01  0.2134E+00
  0.231680225E+00  0.8108E-01  0.1967E-01  0.1888E+00
  0.257809133E+00  0.7633E-01  0.2381E-01  0.1749E+00
  0.281925903E+00  0.7180E-01  0.2721E-01  0.1624E+00
  0.303170912E+00  0.6823E-01  0.2978E-01  0.1529E+00
  0.324224571E+00  0.6461E-01  0.3196E-01  0.1436E+00
  0.340654402E+00  0.6205E-01  0.3345E-01  0.1371E+00
  0.362512423E+00  0.5856E-01  0.3511E-01  0.1288E+00
  0.379968297E+00  0.5606E-01  0.3626E-01  0.1229E+00
  0.396339885E+00  0.5365E-01  0.3715E-01  0.1174E+00
  0.415184937E+00  0.5110E-01  0.3803E-01  0.1118E+00
  0.435672373E+00  0.4835E-01  0.3870E-01  0.1059E+00
  0.449427712E+00  0.4669E-01  0.3905E-01  0.1024E+00
  0.463170330E+00  0.4502E-01  0.3929E-01  0.9898E-01
  0.471096639E+00  0.4424E-01  0.3938E-01  0.9739E-01
  0.480454791E+00  0.4334E-01  0.3947E-01  0.9557E-01
  0.485341833E+00  0.4309E-01  0.3949E-01  0.9505E-01
  0.493381387E+00  0.4271E-01  0.3952E-01  0.9428E-01
  0.501865310E+00  0.4266E-01  0.3951E-01  0.9418E-01
  0.514855482E+00  0.4260E-01  0.3951E-01  0.9405E-01
  0.539143562E+00  0.4262E-01  0.3951E-01  0.9411E-01
  0.556339984E+00  0.4261E-01  0.3952E-01  0.9410E-01
  0.618516884E+00  0.4266E-01  0.3954E-01  0.9422E-01
  0.653949760E+00  0.4259E-01  0.3949E-01  0.9405E-01
  0.683924182E+00  0.4262E-01  0.3952E-01  0.9415E-01
  0.701295863E+00  0.4259E-01  0.3949E-01  0.9410E-01
  0.731618763E+00  0.4260E-01  0.3950E-01  0.9412E-01
  0.745344719E+00  0.4255E-01  0.3948E-01  0.9408E-01
  0.756231794E+00  0.4236E-01  0.3928E-01  0.9402E-01
  0.762552370E+00  0.4175E-01  0.3874E-01  0.9374E-01
  0.766643743E+00  0.4085E-01  0.3788E-01  0.9338E-01
  0.770460841E+00  0.3920E-01  0.3636E-01  0.9265E-01
  0.784008098E+00  0.3008E-01  0.2789E-01  0.8875E-01
  0.785775974E+00  0.2911E-01  0.2700E-01  0.8829E-01
  0.789837863E+00  0.2771E-01  0.2569E-01  0.8771E-01
  0.797917082E+00  0.2656E-01  0.2463E-01  0.8717E-01
  0.839954874E+00  0.2652E-01  0.2459E-01  0.8720E-01
  0.904798422E+00  0.2658E-01  0.2466E-01  0.8721E-01
  0.984126245E+00  0.2657E-01  0.2461E-01  0.8720E-01
  0.984315634E+00  0.2666E-01  0.2458E-01  0.8749E-01
  0.984433099E+00  0.2680E-01  0.2453E-01  0.8796E-01
  0.984523502E+00  0.2702E-01  0.2445E-01  0.8867E-01
  0.984599198E+00  0.2732E-01  0.2433E-01  0.8967E-01
  0.984665800E+00  0.2772E-01  0.2416E-01  0.9104E-01
  0.984726522E+00  0.2825E-01  0.2391E-01  0.9286E-01
  0.984783564E+00  0.2893E-01  0.2357E-01  0.9523E-01
  0.984838740E+00  0.2978E-01  0.2308E-01  0.9829E-01
  0.984893881E+00  0.3085E-01  0.2241E-01  0.1022E+00
  0.984951346E+00  0.3221E-01  0.2146E-01  0.1074E+00
  0.985015214E+00  0.3397E-01  0.2007E-01  0.1144E+00
  0.985095594E+00  0.3649E-01  0.1786E-01  0.1248E+00
  0.985256668E+00  0.4152E-01  0.1243E-01  0.1475E+00
  0.985372342E+00  0.4455E-01  0.8723E-02  0.1621E+00
  0.985457244E+00  0.4628E-01  0.6470E-02  0.1708E+00
  0.985536227E+00  0.4753E-01  0.4794E-02  0.1771E+00
  0.985615517E+00  0.4847E-01  0.3493E-02  0.1820E+00
  0.985698678E+00  0.4919E-01  0.2476E-02  0.1858E+00
  0.985788684E+00  0.4974E-01  0.1692E-02  0.1887E+00
  0.985890159E+00  0.5015E-01  0.1098E-02  0.1909E+00
  0.986003055E+00  0.5044E-01  0.6769E-03  0.1924E+00
  0.986154953E+00  0.5066E-01  0.3678E-03  0.1936E+00
  0.986294476E+00  0.5075E-01  0.2097E-03  0.1941E+00
  0.986801578E+00  0.5088E-01  0.5391E-04  0.1947E+00
  0.988736814E+00  0.5088E-01  0.2568E-04  0.1947E+00
  0.100000000E+01  0.5083E-01  0.0000E+00  0.1950E+00
t= 0.400000E+00, nstep= 709, cpu=     9.1
  0.000000000E+00  0.1001E+00  0.0000E+00  0.2503E+00
  0.239428038E-02  0.1001E+00  0.1516E-04  0.2503E+00
  0.712679999E-02  0.9977E-01  0.1606E-03  0.2493E+00
  0.113823357E-01  0.9964E-01  0.3122E-03  0.2485E+00
  0.239852934E-01  0.9905E-01  0.1070E-02  0.2467E+00
  0.373491655E-01  0.9739E-01  0.3037E-02  0.2409E+00
  0.724971411E-01  0.9189E-01  0.9246E-02  0.2226E+00
  0.111688823E+00  0.8584E-01  0.1529E-01  0.2031E+00
  0.132532737E+00  0.8278E-01  0.1822E-01  0.1938E+00
  0.154731729E+00  0.7924E-01  0.2124E-01  0.1834E+00
  0.191995348E+00  0.7425E-01  0.2545E-01  0.1690E+00
  0.224171908E+00  0.6982E-01  0.2864E-01  0.1570E+00
  0.253247278E+00  0.6619E-01  0.3106E-01  0.1475E+00
  0.283131223E+00  0.6244E-01  0.3322E-01  0.1381E+00
  0.313977766E+00  0.5892E-01  0.3505E-01  0.1296E+00
  0.336887429E+00  0.5624E-01  0.3616E-01  0.1234E+00
  0.362958335E+00  0.5349E-01  0.3723E-01  0.1171E+00
  0.386514085E+00  0.5099E-01  0.3798E-01  0.1115E+00
  0.407816239E+00  0.4892E-01  0.3857E-01  0.1071E+00
  0.434224245E+00  0.4637E-01  0.3907E-01  0.1017E+00
  0.449257116E+00  0.4512E-01  0.3930E-01  0.9915E-01
  0.465245381E+00  0.4380E-01  0.3946E-01  0.9645E-01
  0.471766448E+00  0.4343E-01  0.3950E-01  0.9573E-01
  0.482564117E+00  0.4286E-01  0.3955E-01  0.9458E-01
  0.489913945E+00  0.4275E-01  0.3954E-01  0.9437E-01
  0.500530043E+00  0.4262E-01  0.3955E-01  0.9411E-01
  0.525267478E+00  0.4263E-01  0.3952E-01  0.9412E-01
  0.556583301E+00  0.4260E-01  0.3950E-01  0.9406E-01
  0.605114367E+00  0.4265E-01  0.3953E-01  0.9418E-01
  0.626225956E+00  0.4263E-01  0.3954E-01  0.9416E-01
  0.669969960E+00  0.4264E-01  0.3953E-01  0.9415E-01
  0.695566077E+00  0.4259E-01  0.3950E-01  0.9405E-01
  0.725447101E+00  0.4263E-01  0.3950E-01  0.9411E-01
  0.749936082E+00  0.4259E-01  0.3952E-01  0.9410E-01
  0.803957925E+00  0.4261E-01  0.3951E-01  0.9413E-01
  0.837892061E+00  0.4254E-01  0.3946E-01  0.9406E-01
  0.847080762E+00  0.4240E-01  0.3931E-01  0.9403E-01
  0.856187872E+00  0.4131E-01  0.3832E-01  0.9353E-01
  0.858525721E+00  0.4069E-01  0.3773E-01  0.9329E-01
  0.864110692E+00  0.3821E-01  0.3546E-01  0.9220E-01
  0.877060558E+00  0.3032E-01  0.2813E-01  0.8880E-01
  0.878933090E+00  0.2940E-01  0.2730E-01  0.8836E-01
  0.882850148E+00  0.2811E-01  0.2610E-01  0.8781E-01
  0.883278660E+00  0.2805E-01  0.2596E-01  0.8797E-01
  0.883403441E+00  0.2810E-01  0.2590E-01  0.8821E-01
  0.883495564E+00  0.2820E-01  0.2584E-01  0.8858E-01
  0.883571990E+00  0.2835E-01  0.2576E-01  0.8913E-01
  0.883638520E+00  0.2858E-01  0.2565E-01  0.8990E-01
  0.883698201E+00  0.2889E-01  0.2551E-01  0.9092E-01
  0.883753071E+00  0.2929E-01  0.2533E-01  0.9227E-01
  0.883804645E+00  0.2980E-01  0.2508E-01  0.9399E-01
  0.883854154E+00  0.3043E-01  0.2475E-01  0.9617E-01
  0.883902740E+00  0.3122E-01  0.2430E-01  0.9893E-01
  0.883951637E+00  0.3220E-01  0.2370E-01  0.1024E+00
  0.884002452E+00  0.3341E-01  0.2288E-01  0.1069E+00
  0.884057783E+00  0.3494E-01  0.2173E-01  0.1127E+00
  0.884123296E+00  0.3700E-01  0.2002E-01  0.1208E+00
  0.884217443E+00  0.4020E-01  0.1703E-01  0.1340E+00
  0.884404565E+00  0.4584E-01  0.1048E-01  0.1599E+00
  0.884504073E+00  0.4808E-01  0.7575E-02  0.1708E+00
  0.884594849E+00  0.4959E-01  0.5500E-02  0.1785E+00
  0.884686333E+00  0.5068E-01  0.3937E-02  0.1842E+00
  0.884783693E+00  0.5146E-01  0.2757E-02  0.1885E+00
  0.884893749E+00  0.5201E-01  0.1875E-02  0.1917E+00
  0.885015197E+00  0.5234E-01  0.1262E-02  0.1938E+00
  0.885189836E+00  0.5254E-01  0.8156E-03  0.1954E+00
  0.885355268E+00  0.5258E-01  0.5931E-03  0.1960E+00
  0.885902350E+00  0.5219E-01  0.4077E-03  0.1966E+00
  0.888957217E+00  0.5129E-01  0.1792E-03  0.1958E+00
  0.897986603E+00  0.5087E-01  0.2066E-05  0.1951E+00
  0.930852733E+00  0.5095E-01 -0.2057E-04  0.1950E+00
  0.954520311E+00  0.5097E-01 -0.1296E-04  0.1949E+00
  0.100000000E+01  0.5092E-01  0.0000E+00  0.1952E+00
