t= 0.000000E+00, nstep=   0, cpu=      .0
  0.000000000E+00  0.0000E+00
  0.500000000E-01  0.1526E-20
  0.100000000E+00  0.1000E-15
  0.150000000E+00  0.6568E-13
  0.200000000E+00  0.6554E-11
  0.250000000E+00  0.2328E-09
  0.300000000E+00  0.4305E-08
  0.350000000E+00  0.5071E-07
  0.400000000E+00  0.4295E-06
  0.450000000E+00  0.2827E-05
  0.500000000E+00  0.1526E-04
  0.550000000E+00  0.7011E-04
  0.600000000E+00  0.2821E-03
  0.650000000E+00  0.1015E-02
  0.700000000E+00  0.3323E-02
  0.750000000E+00  0.1002E-01
  0.800000000E+00  0.2815E-01
  0.850000000E+00  0.7425E-01
  0.900000000E+00  0.1853E+00
  0.950000000E+00  0.4401E+00
  0.100000000E+01  0.1000E+01
t= 0.200000E+00, nstep=  85, cpu=      .1
  0.000000000E+00  0.0000E+00
  0.652387266E-01 -0.1250E-09
  0.130477453E+00  0.6621E-10
  0.195716180E+00  0.8409E-11
  0.260954907E+00 -0.2488E-09
  0.326193633E+00  0.8551E-09
  0.391432360E+00 -0.2219E-08
  0.456671087E+00  0.6083E-08
  0.521909813E+00  0.8054E-08
  0.587148533E+00  0.3166E-06
  0.652387048E+00  0.3234E-05
  0.717620853E+00  0.2736E-04
  0.782779930E+00  0.1800E-03
  0.847081573E+00  0.9665E-03
  0.905923383E+00  0.4103E-02
  0.964041501E+00  0.1367E-01
  0.995563249E+00  0.3325E-01
  0.997395643E+00  0.8832E-01
  0.998522277E+00  0.2360E+00
  0.999344835E+00  0.5220E+00
  0.100000000E+01  0.1000E+01
t= 0.400000E+00, nstep= 147, cpu=      .1
  0.000000000E+00  0.0000E+00
  0.830253049E-01  0.8558E-08
  0.166050610E+00 -0.1409E-07
  0.249075915E+00  0.2108E-07
  0.332101220E+00 -0.1964E-07
  0.415126524E+00 -0.3554E-07
  0.498151826E+00  0.3165E-06
  0.581177109E+00 -0.1426E-05
  0.664202147E+00  0.5372E-05
  0.747224407E+00 -0.1844E-04
  0.830217960E+00  0.6121E-04
  0.913019909E+00 -0.1553E-03
  0.994027376E+00  0.6624E-03
  0.995716094E+00  0.1063E-01
  0.996788473E+00  0.3596E-01
  0.997582418E+00  0.8384E-01
  0.998221532E+00  0.1631E+00
  0.998759664E+00  0.2835E+00
  0.999224790E+00  0.4557E+00
  0.999634251E+00  0.6906E+00
  0.100000000E+01  0.1000E+01
t= 0.600000E+00, nstep= 188, cpu=      .2
  0.000000000E+00  0.0000E+00
  0.995252157E-01 -0.1650E-07
  0.199050431E+00 -0.1035E-06
  0.298575643E+00  0.3842E-06
  0.398100834E+00 -0.1000E-05
  0.497625882E+00  0.2161E-05
  0.597150064E+00 -0.3729E-05
  0.696669214E+00  0.3600E-05
  0.796156555E+00  0.7777E-05
  0.895419669E+00 -0.6126E-04
  0.993685261E+00  0.2128E-03
  0.995278442E+00  0.6629E-02
  0.996301964E+00  0.2187E-01
  0.997064844E+00  0.4966E-01
  0.997678089E+00  0.9420E-01
  0.998194523E+00  0.1603E+00
  0.998641867E+00  0.2531E+00
  0.999036560E+00  0.3779E+00
  0.999389548E+00  0.5401E+00
  0.999708718E+00  0.7456E+00
  0.100000000E+01  0.1000E+01
t= 0.800000E+00, nstep= 217, cpu=      .2
  0.000000000E+00  0.0000E+00
  0.118358139E+00 -0.3074E-06
  0.236716257E+00  0.2999E-06
  0.355074293E+00  0.2279E-06
  0.473431942E+00 -0.3048E-05
  0.591786203E+00  0.1414E-04
  0.710101599E+00 -0.5546E-04
  0.827960656E+00  0.2133E-03
  0.940327316E+00 -0.8318E-03
  0.993651655E+00  0.2172E-02
  0.995188566E+00  0.8030E-02
  0.996186275E+00  0.2145E-01
  0.996933443E+00  0.4553E-01
  0.997531369E+00  0.8329E-01
  0.998029916E+00  0.1378E+00
  0.998457726E+00  0.2121E+00
  0.998832883E+00  0.3094E+00
  0.999167442E+00  0.4332E+00
  0.999469749E+00  0.5871E+00
  0.999745790E+00  0.7747E+00
  0.100000000E+01  0.1000E+01
t= 0.100000E+01, nstep= 242, cpu=      .2
  0.000000000E+00  0.0000E+00
  0.140978923E+00  0.6491E-06
  0.281957562E+00  0.2649E-06
  0.422935042E+00 -0.4129E-05
  0.563904208E+00  0.1721E-04
  0.704789707E+00 -0.6426E-04
  0.844781574E+00  0.2551E-03
  0.974459109E+00 -0.1108E-02
  0.993686180E+00  0.2567E-02
  0.995100010E+00  0.7823E-02
  0.996045028E+00  0.1915E-01
  0.996764126E+00  0.3896E-01
  0.997345221E+00  0.6964E-01
  0.997832814E+00  0.1136E+00
  0.998252831E+00  0.1732E+00
  0.998621780E+00  0.2508E+00
  0.998950875E+00  0.3490E+00
  0.999248084E+00  0.4704E+00
  0.999519251E+00  0.6174E+00
  0.999768766E+00  0.7930E+00
  0.100000000E+01  0.1000E+01
t= 0.200000E+01, nstep= 339, cpu=      .3
  0.000000000E+00  0.0000E+00
  0.278815519E+00 -0.1131E-04
  0.556207999E+00  0.1313E-03
  0.821949818E+00 -0.5096E-03
  0.993123548E+00  0.1307E-02
  0.994508288E+00  0.4242E-02
  0.995409378E+00  0.1009E-01
  0.996097767E+00  0.1997E-01
  0.996656745E+00  0.3494E-01
  0.997127633E+00  0.5604E-01
  0.997534516E+00  0.8433E-01
  0.997892755E+00  0.1208E+00
  0.998212793E+00  0.1666E+00
  0.998502082E+00  0.2228E+00
  0.998766126E+00  0.2903E+00
  0.999009099E+00  0.3704E+00
  0.999234222E+00  0.4642E+00
  0.999444031E+00  0.5729E+00
  0.999640550E+00  0.6976E+00
  0.999825422E+00  0.8395E+00
  0.100000000E+01  0.1000E+01
t= 0.400000E+01, nstep= 428, cpu=      .3
  0.000000000E+00  0.0000E+00
  0.992907820E+00 -0.1076E-03
  0.994227597E+00  0.2098E-02
  0.995079192E+00  0.6177E-02
  0.995735406E+00  0.1284E-01
  0.996272421E+00  0.2275E-01
  0.996727462E+00  0.3653E-01
  0.997122358E+00  0.5483E-01
  0.997471165E+00  0.7826E-01
  0.997783530E+00  0.1075E+00
  0.998066393E+00  0.1431E+00
  0.998324921E+00  0.1858E+00
  0.998563057E+00  0.2362E+00
  0.998783871E+00  0.2950E+00
  0.998989790E+00  0.3628E+00
  0.999182759E+00  0.4405E+00
  0.999364357E+00  0.5286E+00
  0.999535882E+00  0.6279E+00
  0.999698414E+00  0.7390E+00
  0.999852862E+00  0.8629E+00
  0.100000000E+01  0.1000E+01
t= 0.600000E+01, nstep= 437, cpu=      .3
  0.000000000E+00  0.0000E+00
  0.992911244E+00  0.1386E-02
  0.994232643E+00  0.3603E-02
  0.995084995E+00  0.7704E-02
  0.995741632E+00  0.1441E-01
  0.996278911E+00  0.2437E-01
  0.996734142E+00  0.3823E-01
  0.997129217E+00  0.5663E-01
  0.997478230E+00  0.8021E-01
  0.997790821E+00  0.1096E+00
  0.998073884E+00  0.1455E+00
  0.998332522E+00  0.1884E+00
  0.998570618E+00  0.2391E+00
  0.998791199E+00  0.2982E+00
  0.998996666E+00  0.3663E+00
  0.999188958E+00  0.4441E+00
  0.999369663E+00  0.5321E+00
  0.999540097E+00  0.6311E+00
  0.999701364E+00  0.7416E+00
  0.999854399E+00  0.8644E+00
  0.100000000E+01  0.1000E+01
t= 0.800000E+01, nstep= 439, cpu=      .3
  0.000000000E+00  0.0000E+00
  0.992911272E+00  0.1458E-02
  0.994232697E+00  0.3676E-02
  0.995085046E+00  0.7777E-02
  0.995741677E+00  0.1448E-01
  0.996278950E+00  0.2444E-01
  0.996734176E+00  0.3830E-01
  0.997129246E+00  0.5670E-01
  0.997478255E+00  0.8028E-01
  0.997790843E+00  0.1097E+00
  0.998073903E+00  0.1455E+00
  0.998332538E+00  0.1885E+00
  0.998570631E+00  0.2392E+00
  0.998791208E+00  0.2983E+00
  0.998996670E+00  0.3664E+00
  0.999188956E+00  0.4441E+00
  0.999369657E+00  0.5321E+00
  0.999540088E+00  0.6311E+00
  0.999701354E+00  0.7416E+00
  0.999854392E+00  0.8644E+00
  0.100000000E+01  0.1000E+01
t= 0.100000E+02, nstep= 440, cpu=      .3
  0.000000000E+00  0.0000E+00
  0.992911269E+00  0.1446E-02
  0.994232691E+00  0.3664E-02
  0.995085040E+00  0.7765E-02
  0.995741672E+00  0.1447E-01
  0.996278947E+00  0.2443E-01
  0.996734174E+00  0.3829E-01
  0.997129245E+00  0.5669E-01
  0.997478255E+00  0.8027E-01
  0.997790843E+00  0.1097E+00
  0.998073904E+00  0.1455E+00
  0.998332539E+00  0.1885E+00
  0.998570632E+00  0.2392E+00
  0.998791209E+00  0.2983E+00
  0.998996671E+00  0.3664E+00
  0.999188957E+00  0.4441E+00
  0.999369657E+00  0.5321E+00
  0.999540088E+00  0.6311E+00
  0.999701354E+00  0.7416E+00
  0.999854392E+00  0.8644E+00
  0.100000000E+01  0.1000E+01
t= 0.500000E+03, nstep= 446, cpu=      .4
  0.000000000E+00  0.0000E+00
  0.992911267E+00  0.1441E-02
  0.994232686E+00  0.3659E-02
  0.995085036E+00  0.7760E-02
  0.995741668E+00  0.1446E-01
  0.996278943E+00  0.2442E-01
  0.996734170E+00  0.3828E-01
  0.997129242E+00  0.5668E-01
  0.997478252E+00  0.8026E-01
  0.997790840E+00  0.1097E+00
  0.998073901E+00  0.1455E+00
  0.998332537E+00  0.1885E+00
  0.998570630E+00  0.2392E+00
  0.998791207E+00  0.2983E+00
  0.998996669E+00  0.3663E+00
  0.999188956E+00  0.4441E+00
  0.999369657E+00  0.5321E+00
  0.999540088E+00  0.6311E+00
  0.999701354E+00  0.7416E+00
  0.999854392E+00  0.8644E+00
  0.100000000E+01  0.1000E+01
