t= 0.000000E+00, nstep=   0, cpu=      .0
  0.000000000E+00  0.0000E+00
  0.500000000E-01  0.1526E-20
  0.100000000E+00  0.1000E-15
  0.150000000E+00  0.6568E-13
  0.200000000E+00  0.6554E-11
  0.250000000E+00  0.2328E-09
  0.300000000E+00  0.4305E-08
  0.350000000E+00  0.5071E-07
  0.400000000E+00  0.4295E-06
  0.450000000E+00  0.2827E-05
  0.500000000E+00  0.1526E-04
  0.550000000E+00  0.7011E-04
  0.600000000E+00  0.2821E-03
  0.650000000E+00  0.1015E-02
  0.700000000E+00  0.3323E-02
  0.750000000E+00  0.1002E-01
  0.800000000E+00  0.2815E-01
  0.850000000E+00  0.7425E-01
  0.900000000E+00  0.1853E+00
  0.950000000E+00  0.4401E+00
  0.100000000E+01  0.1000E+01
t= 0.200000E+00, nstep=  51, cpu=      .1
  0.000000000E+00  0.0000E+00
  0.611231520E-01  0.3835E-10
  0.122246304E+00 -0.8156E-10
  0.183369456E+00  0.2023E-09
  0.244492608E+00 -0.5723E-09
  0.305615760E+00  0.1842E-08
  0.366738912E+00 -0.6482E-08
  0.427862064E+00  0.2395E-07
  0.488985216E+00 -0.8707E-07
  0.550108368E+00  0.3760E-06
  0.611231520E+00 -0.6660E-06
  0.672354651E+00  0.1019E-04
  0.733477486E+00  0.2441E-04
  0.794594014E+00  0.3028E-03
  0.855667329E+00  0.9521E-03
  0.915873561E+00  0.5711E-02
  0.974814811E+00  0.1439E-01
  0.996147873E+00  0.4112E-01
  0.997799661E+00  0.1154E+00
  0.998934362E+00  0.3287E+00
  0.100000000E+01  0.1000E+01
t= 0.400000E+00, nstep=  68, cpu=      .1
  0.000000000E+00  0.0000E+00
  0.668715974E-01  0.5010E-06
  0.133743195E+00 -0.8080E-06
  0.200614791E+00  0.1392E-05
  0.267486384E+00 -0.2253E-05
  0.334357970E+00  0.3309E-05
  0.401229533E+00 -0.3989E-05
  0.468101047E+00  0.2355E-05
  0.534972461E+00  0.6961E-05
  0.601843603E+00 -0.3728E-04
  0.668712883E+00  0.1192E-03
  0.735566384E+00 -0.3187E-03
  0.802306746E+00  0.7684E-03
  0.868357814E+00 -0.1703E-02
  0.930855483E+00  0.3393E-02
  0.979515589E+00 -0.4445E-02
  0.995376157E+00  0.2296E-02
  0.996977141E+00  0.3391E-01
  0.998119219E+00  0.1285E+00
  0.999077763E+00  0.3678E+00
  0.100000000E+01  0.1000E+01
t= 0.600000E+00, nstep=  83, cpu=      .1
  0.000000000E+00  0.0000E+00
  0.743962229E-01 -0.6118E-05
  0.148792391E+00  0.1524E-04
  0.223188276E+00 -0.2940E-04
  0.297582995E+00  0.5667E-04
  0.371973348E+00 -0.1040E-03
  0.446348478E+00  0.1836E-03
  0.520674121E+00 -0.3108E-03
  0.594849773E+00  0.4996E-03
  0.668605372E+00 -0.7430E-03
  0.741297113E+00  0.9578E-03
  0.811643344E+00 -0.8646E-03
  0.877648242E+00 -0.1087E-03
  0.936231639E+00  0.2337E-02
  0.979324325E+00 -0.3717E-02
  0.994792223E+00  0.1226E-02
  0.996124053E+00  0.1247E-01
  0.997315207E+00  0.5386E-01
  0.998304397E+00  0.1624E+00
  0.999169389E+00  0.4122E+00
  0.100000000E+01  0.1000E+01
t= 0.800000E+00, nstep=  94, cpu=      .1
  0.000000000E+00  0.0000E+00
  0.813932592E-01 -0.1784E-03
  0.162747349E+00  0.1847E-03
  0.244010380E+00 -0.2584E-03
  0.325099957E+00  0.3214E-03
  0.405869507E+00 -0.3611E-03
  0.486100311E+00  0.3369E-03
  0.565513314E+00 -0.1851E-03
  0.643804050E+00 -0.1500E-03
  0.720588338E+00  0.6396E-03
  0.794996498E+00 -0.1018E-02
  0.864899057E+00  0.6254E-03
  0.926476622E+00  0.1240E-02
  0.973118302E+00 -0.3136E-02
  0.994279002E+00  0.1094E-02
  0.995590291E+00  0.7971E-02
  0.996592006E+00  0.2535E-01
  0.997576166E+00  0.7577E-01
  0.998451413E+00  0.1947E+00
  0.999240394E+00  0.4492E+00
  0.100000000E+01  0.1000E+01
t= 0.100000E+01, nstep= 102, cpu=      .1
  0.000000000E+00  0.0000E+00
  0.886841292E-01 -0.3714E-03
  0.177016092E+00  0.2170E-04
  0.264881572E+00 -0.1014E-03
  0.352216850E+00 -0.8144E-04
  0.438901334E+00  0.1905E-03
  0.524770131E+00 -0.2501E-03
  0.609556554E+00  0.1267E-03
  0.692868648E+00  0.3052E-03
  0.773976356E+00 -0.1060E-02
  0.850731475E+00  0.1788E-02
  0.917657147E+00 -0.1435E-02
  0.966894787E+00 -0.7410E-03
  0.993593957E+00  0.1496E-02
  0.995124345E+00  0.6169E-02
  0.996074719E+00  0.1625E-01
  0.996925731E+00  0.3950E-01
  0.997781097E+00  0.9773E-01
  0.998570278E+00  0.2245E+00
  0.999297329E+00  0.4803E+00
  0.100000000E+01  0.1000E+01
t= 0.200000E+01, nstep= 138, cpu=      .1
  0.000000000E+00  0.0000E+00
  0.132264821E+00 -0.3364E-03
  0.262961484E+00  0.8199E-03
  0.390448000E+00 -0.5128E-03
  0.513186351E+00 -0.1853E-04
  0.630042335E+00  0.6500E-03
  0.738808525E+00 -0.1443E-02
  0.834235953E+00  0.1577E-02
  0.909207902E+00 -0.8668E-03
  0.960251543E+00  0.4508E-03
  0.988220728E+00 -0.1405E-02
  0.994226405E+00  0.1638E-02
  0.995229386E+00  0.6454E-02
  0.995956771E+00  0.1476E-01
  0.996593475E+00  0.2931E-01
  0.997193139E+00  0.5510E-01
  0.997775674E+00  0.1011E+00
  0.998358705E+00  0.1849E+00
  0.998923975E+00  0.3313E+00
  0.999467888E+00  0.5794E+00
  0.100000000E+01  0.1000E+01
t= 0.400000E+01, nstep= 184, cpu=      .2
  0.000000000E+00  0.0000E+00
  0.257664283E+00 -0.1229E-02
  0.488357907E+00  0.1144E-02
  0.670971976E+00  0.5355E-03
  0.805636657E+00  0.4005E-03
  0.901789063E+00 -0.1076E-03
  0.963102322E+00 -0.9343E-03
  0.992826848E+00  0.6773E-04
  0.994388451E+00  0.2757E-02
  0.995110161E+00  0.6404E-02
  0.995701379E+00  0.1218E-01
  0.996224132E+00  0.2115E-01
  0.996703356E+00  0.3479E-01
  0.997153052E+00  0.5525E-01
  0.997582921E+00  0.8578E-01
  0.998000513E+00  0.1313E+00
  0.998410397E+00  0.1993E+00
  0.998817591E+00  0.3014E+00
  0.999218430E+00  0.4528E+00
  0.999611775E+00  0.6747E+00
  0.100000000E+01  0.1000E+01
t= 0.600000E+01, nstep= 211, cpu=      .2
  0.000000000E+00  0.0000E+00
  0.350601956E+00 -0.1421E-02
  0.629971774E+00  0.4400E-03
  0.816974018E+00 -0.3698E-03
  0.929224715E+00  0.1425E-02
  0.982884990E+00  0.4900E-04
  0.993438668E+00  0.2029E-02
  0.994528803E+00  0.4693E-02
  0.995267716E+00  0.9108E-02
  0.995859889E+00  0.1599E-01
  0.996367125E+00  0.2624E-01
  0.996818612E+00  0.4101E-01
  0.997231565E+00  0.6187E-01
  0.997617181E+00  0.9098E-01
  0.997983425E+00  0.1314E+00
  0.998336363E+00  0.1873E+00
  0.998680098E+00  0.2646E+00
  0.999018384E+00  0.3720E+00
  0.999350786E+00  0.5199E+00
  0.999677483E+00  0.7225E+00
  0.100000000E+01  0.1000E+01
t= 0.800000E+01, nstep= 229, cpu=      .2
  0.000000000E+00  0.0000E+00
  0.420946017E+00  0.1433E-02
  0.724294529E+00  0.2673E-04
  0.899731864E+00  0.1386E-02
  0.978672314E+00 -0.2004E-03
  0.993268275E+00  0.1554E-02
  0.994418975E+00  0.4021E-02
  0.995195371E+00  0.8296E-02
  0.995807140E+00  0.1503E-01
  0.996321443E+00  0.2497E-01
  0.996770937E+00  0.3907E-01
  0.997174648E+00  0.5850E-01
  0.997545062E+00  0.8479E-01
  0.997890902E+00  0.1200E+00
  0.998218608E+00  0.1667E+00
  0.998533162E+00  0.2287E+00
  0.998838144E+00  0.3108E+00
  0.999136651E+00  0.4196E+00
  0.999429259E+00  0.5632E+00
  0.999716623E+00  0.7520E+00
  0.100000000E+01  0.1000E+01
t= 0.100000E+02, nstep= 243, cpu=      .2
  0.000000000E+00  0.0000E+00
  0.474320385E+00 -0.1397E-02
  0.788748875E+00  0.2422E-03
  0.945161179E+00 -0.9312E-03
  0.992988904E+00  0.6798E-03
  0.994242194E+00  0.2866E-02
  0.995041368E+00  0.6607E-02
  0.995666057E+00  0.1255E-01
  0.996189946E+00  0.2142E-01
  0.996645377E+00  0.3401E-01
  0.997050995E+00  0.5128E-01
  0.997419150E+00  0.7439E-01
  0.997758731E+00  0.1048E+00
  0.998076403E+00  0.1443E+00
  0.998377330E+00  0.1955E+00
  0.998665627E+00  0.2613E+00
  0.998944396E+00  0.3459E+00
  0.999216282E+00  0.4547E+00
  0.999482236E+00  0.5941E+00
  0.999743100E+00  0.7724E+00
  0.100000000E+01  0.1000E+01
t= 0.500000E+03, nstep= 330, cpu=      .3
  0.000000000E+00  0.0000E+00
  0.992911280E+00  0.1441E-02
  0.994232705E+00  0.3659E-02
  0.995085059E+00  0.7760E-02
  0.995741694E+00  0.1446E-01
  0.996278971E+00  0.2442E-01
  0.996734199E+00  0.3828E-01
  0.997129272E+00  0.5668E-01
  0.997478282E+00  0.8027E-01
  0.997790871E+00  0.1097E+00
  0.998073932E+00  0.1455E+00
  0.998332567E+00  0.1885E+00
  0.998570660E+00  0.2392E+00
  0.998791235E+00  0.2983E+00
  0.998996695E+00  0.3664E+00
  0.999188978E+00  0.4441E+00
  0.999369673E+00  0.5321E+00
  0.999540097E+00  0.6311E+00
  0.999701358E+00  0.7416E+00
  0.999854391E+00  0.8644E+00
  0.100000000E+01  0.1000E+01
