Nonlinear Arsenic Diffus
-                       
-                       
-                       
     3
u                       
log10(c)                
c                       
    66   168   103
     1     2
     2    11
    11     1
    11    10
    10     1
     2     3
     3    12
    12     2
    12    11
     3     4
     4    13
    13     3
    13    12
     4     5
     5    14
    14     4
    14    13
     5     6
     6    15
    15     5
    15    14
     6     7
     7    16
    16     6
    16    15
     7     8
     8    17
    17     7
    17    16
     8     9
     9    18
    18     8
    18    17
    11    20
    20    10
    20    19
    19    10
    12    21
    21    11
    21    20
    13    22
    22    12
    22    21
    14    23
    23    13
    23    22
    15    24
    24    14
    24    23
    16    25
    25    15
    25    24
    17    26
    26    16
    26    25
    18    27
    27    17
    27    26
    20    29
    29    19
    29    28
    28    19
    21    30
    30    20
    30    29
    22    31
    31    21
    31    30
    23    32
    32    22
    32    31
    24    33
    33    23
    33    32
    25    34
    34    24
    34    33
    26    35
    35    25
    35    34
    27    36
    36    26
    36    35
    29    37
    37    28
    30    38
    38    29
    38    37
    31    39
    39    30
    39    38
    32    40
    40    31
    40    39
    33    41
    41    32
    41    40
    34    42
    42    33
    42    41
    35    43
    43    34
    43    42
    36    44
    44    35
    44    43
    38    45
    45    37
    39    46
    46    38
    46    45
    40    47
    47    39
    47    46
    41    48
    48    40
    48    47
    42    49
    49    41
    49    48
    43    50
    50    42
    50    49
    44    51
    51    43
    51    50
    46    52
    52    45
    47    53
    53    46
    53    52
    48    54
    54    47
    54    53
    49    55
    55    48
    55    54
    50    56
    56    49
    56    55
    51    57
    57    50
    57    56
    53    58
    58    52
    54    59
    59    53
    59    58
    55    60
    60    54
    60    59
    56    61
    61    55
    61    60
    57    62
    62    56
    62    61
    59    63
    63    58
    60    64
    64    59
    64    63
    61    65
    65    60
    65    64
    62    66
    66    61
    66    65
     1     2    11
    11    10     1
     2     3    12
    12    11     2
     3     4    13
    13    12     3
     4     5    14
    14    13     4
     5     6    15
    15    14     5
     6     7    16
    16    15     6
     7     8    17
    17    16     7
     8     9    18
    18    17     8
    10    11    20
    20    19    10
    11    12    21
    21    20    11
    12    13    22
    22    21    12
    13    14    23
    23    22    13
    14    15    24
    24    23    14
    15    16    25
    25    24    15
    16    17    26
    26    25    16
    17    18    27
    27    26    17
    19    20    29
    29    28    19
    20    21    30
    30    29    20
    21    22    31
    31    30    21
    22    23    32
    32    31    22
    23    24    33
    33    32    23
    24    25    34
    34    33    24
    25    26    35
    35    34    25
    26    27    36
    36    35    26
    28    29    37
    29    30    38
    38    37    29
    30    31    39
    39    38    30
    31    32    40
    40    39    31
    32    33    41
    41    40    32
    33    34    42
    42    41    33
    34    35    43
    43    42    34
    35    36    44
    44    43    35
    37    38    45
    38    39    46
    46    45    38
    39    40    47
    47    46    39
    40    41    48
    48    47    40
    41    42    49
    49    48    41
    42    43    50
    50    49    42
    43    44    51
    51    50    43
    45    46    52
    46    47    53
    53    52    46
    47    48    54
    54    53    47
    48    49    55
    55    54    48
    49    50    56
    56    55    49
    50    51    57
    57    56    50
    52    53    58
    53    54    59
    59    58    53
    54    55    60
    60    59    54
    55    56    61
    61    60    55
    56    57    62
    62    61    56
    58    59    63
    59    60    64
    64    63    59
    60    61    65
    65    64    60
    61    62    66
    66    65    61
  0.000000000E+00
STEP  =   0             
CPU   =   0.00(SEC)     
H     = 0.000E+00       
NRE:NJE =    0:000      
  0.000000000E+000  0.000000000E+000  0.1000E+001  0.2130E+002  0.1404E+003
  0.250000000E-002  0.000000000E+000  0.8750E+000  0.2123E+002  0.1190E+003
  0.500000000E-002  0.000000000E+000  0.7500E+000  0.2114E+002  0.9766E+002
  0.750000000E-002  0.000000000E+000  0.6250E+000  0.2104E+002  0.7639E+002
  0.100000000E-001  0.000000000E+000  0.5000E+000  0.2090E+002  0.5528E+002
  0.125000000E-001  0.000000000E+000  0.3750E+000  0.2069E+002  0.3446E+002
  0.150000000E-001  0.000000000E+000  0.2500E+000  0.2031E+002  0.1444E+002
  0.175000000E-001  0.000000000E+000  0.1250E+000  0.1866E+002  0.3179E+000
  0.200000000E-001  0.000000000E+000  0.0000E+000  0.1400E+002  0.7022E-005
  0.000000000E+000  0.500000000E+000  0.1000E+001  0.2130E+002  0.1404E+003
  0.250000000E-002  0.500000000E+000  0.8750E+000  0.2123E+002  0.1190E+003
  0.500000000E-002  0.500000000E+000  0.7500E+000  0.2114E+002  0.9766E+002
  0.750000000E-002  0.500000000E+000  0.6250E+000  0.2104E+002  0.7639E+002
  0.100000000E-001  0.500000000E+000  0.5000E+000  0.2090E+002  0.5528E+002
  0.125000000E-001  0.500000000E+000  0.3750E+000  0.2069E+002  0.3446E+002
  0.150000000E-001  0.500000000E+000  0.2500E+000  0.2031E+002  0.1444E+002
  0.175000000E-001  0.500000000E+000  0.1250E+000  0.1866E+002  0.3179E+000
  0.200000000E-001  0.500000000E+000  0.0000E+000  0.1400E+002  0.7022E-005
  0.000000000E+000  0.950000000E+000  0.1000E+001  0.2130E+002  0.1404E+003
  0.250000000E-002  0.950000000E+000  0.8750E+000  0.2123E+002  0.1190E+003
  0.500000000E-002  0.950000000E+000  0.7500E+000  0.2114E+002  0.9766E+002
  0.750000000E-002  0.950000000E+000  0.6250E+000  0.2104E+002  0.7639E+002
  0.100000000E-001  0.950000000E+000  0.5000E+000  0.2090E+002  0.5528E+002
  0.125000000E-001  0.950000000E+000  0.3750E+000  0.2069E+002  0.3446E+002
  0.150000000E-001  0.950000000E+000  0.2500E+000  0.2031E+002  0.1444E+002
  0.175000000E-001  0.950000000E+000  0.1250E+000  0.1866E+002  0.3179E+000
  0.200000000E-001  0.950000000E+000  0.0000E+000  0.1400E+002  0.7022E-005
  0.000000000E+000  0.100000000E+001  0.1000E+001  0.2130E+002  0.1404E+003
  0.250000000E-002  0.100000000E+001  0.8750E+000  0.2123E+002  0.1190E+003
  0.500000000E-002  0.100000000E+001  0.7500E+000  0.2114E+002  0.9766E+002
  0.750000000E-002  0.100000000E+001  0.6250E+000  0.2104E+002  0.7639E+002
  0.100000000E-001  0.100000000E+001  0.5000E+000  0.2090E+002  0.5528E+002
  0.125000000E-001  0.100000000E+001  0.3750E+000  0.2069E+002  0.3446E+002
  0.150000000E-001  0.100000000E+001  0.2500E+000  0.2031E+002  0.1444E+002
  0.175000000E-001  0.100000000E+001  0.1250E+000  0.1866E+002  0.3179E+000
  0.200000000E-001  0.100000000E+001  0.0000E+000  0.1400E+002  0.7022E-005
 -0.109278475E-009  0.100250000E+001  0.8750E+000  0.2123E+002  0.1190E+003
  0.353553383E-002  0.100353553E+001  0.7500E+000  0.2114E+002  0.9766E+002
  0.649519047E-002  0.100375000E+001  0.6250E+000  0.2104E+002  0.7639E+002
  0.923879528E-002  0.100382683E+001  0.5000E+000  0.2090E+002  0.5528E+002
  0.118882064E-001  0.100386271E+001  0.3750E+000  0.2069E+002  0.3446E+002
  0.142658477E-001  0.100463526E+001  0.2500E+000  0.2031E+002  0.1444E+002
  0.166434890E-001  0.100540780E+001  0.1250E+000  0.1866E+002  0.3179E+000
  0.190211303E-001  0.100618034E+001  0.0000E+000  0.1400E+002  0.7022E-005
 -0.218556950E-009  0.100500000E+001  0.7500E+000  0.2114E+002  0.9766E+002
  0.374999981E-002  0.100649519E+001  0.6250E+000  0.2104E+002  0.7639E+002
  0.707106766E-002  0.100707107E+001  0.5000E+000  0.2090E+002  0.5528E+002
  0.101127123E-001  0.100734732E+001  0.3750E+000  0.2069E+002  0.3446E+002
  0.121352548E-001  0.100881678E+001  0.2500E+000  0.2031E+002  0.1444E+002
  0.141577972E-001  0.101028624E+001  0.1250E+000  0.1866E+002  0.3179E+000
  0.161803397E-001  0.101175571E+001  0.0000E+000  0.1400E+002  0.7022E-005
 -0.327835425E-009  0.100750000E+001  0.6250E+000  0.2104E+002  0.7639E+002
  0.382683402E-002  0.100923880E+001  0.5000E+000  0.2090E+002  0.5528E+002
  0.734731539E-002  0.101011271E+001  0.3750E+000  0.2069E+002  0.3446E+002
  0.881677847E-002  0.101213526E+001  0.2500E+000  0.2031E+002  0.1444E+002
  0.102862415E-001  0.101415780E+001  0.1250E+000  0.1866E+002  0.3179E+000
  0.117557046E-001  0.101618034E+001  0.0000E+000  0.1400E+002  0.7022E-005
 -0.437113900E-009  0.101000000E+001  0.5000E+000  0.2090E+002  0.5528E+002
  0.386271201E-002  0.101188821E+001  0.3750E+000  0.2069E+002  0.3446E+002
  0.463525442E-002  0.101426585E+001  0.2500E+000  0.2031E+002  0.1444E+002
  0.540779682E-002  0.101664349E+001  0.1250E+000  0.1866E+002  0.3179E+000
  0.618033922E-002  0.101902113E+001  0.0000E+000  0.1400E+002  0.7022E-005
 -0.546392375E-009  0.101250000E+001  0.3750E+000  0.2069E+002  0.3446E+002
 -0.655670850E-009  0.101500000E+001  0.2500E+000  0.2031E+002  0.1444E+002
 -0.764949325E-009  0.101750000E+001  0.1250E+000  0.1866E+002  0.3179E+000
 -0.874227800E-009  0.102000000E+001  0.0000E+000  0.1400E+002  0.7022E-005
  0.300000000E+03
STEP  =  10             
CPU   =   0.00(SEC)     
H     = 0.267E+02       
NRE:NJE =    0:161      
  0.000000000E+000  0.000000000E+000  0.1000E+001  0.2130E+002  0.1404E+003
  0.449146854E-001  0.000000000E+000  0.8738E+000  0.2123E+002  0.1188E+003
  0.864405660E-001  0.000000000E+000  0.7419E+000  0.2114E+002  0.9627E+002
  0.127388563E+000  0.000000000E+000  0.5959E+000  0.2101E+002  0.7146E+002
  0.167838067E+000  0.000000000E+000  0.4343E+000  0.2080E+002  0.4429E+002
  0.206254905E+000  0.000000000E+000  0.2600E+000  0.2036E+002  0.1599E+002
  0.228959824E+000  0.000000000E+000  0.1180E+000  0.1842E+002  0.1845E+000
  0.231074538E+000  0.000000000E+000  0.5940E-001  0.1624E+002  0.1234E-002
  0.235030775E+000  0.000000000E+000  0.0000E+000  0.1400E+002  0.7022E-005
  0.000000000E+000  0.501585741E+000  0.1000E+001  0.2130E+002  0.1404E+003
  0.356188813E-001  0.499070804E+000  0.9039E+000  0.2125E+002  0.1240E+003
  0.727524809E-001  0.498172025E+000  0.7923E+000  0.2117E+002  0.1049E+003
  0.110823827E+000  0.499597932E+000  0.6644E+000  0.2107E+002  0.8308E+002
  0.150055066E+000  0.499705690E+000  0.5170E+000  0.2092E+002  0.5813E+002
  0.189069232E+000  0.497348150E+000  0.3523E+000  0.2064E+002  0.3074E+002
  0.223215395E+000  0.493870898E+000  0.1839E+000  0.1986E+002  0.5040E+001
  0.228896273E+000  0.493300962E+000  0.1160E+000  0.1835E+002  0.1575E+000
  0.234668340E+000  0.496703941E+000  0.0000E+000  0.1400E+002  0.7022E-005
  0.000000000E+000  0.978912503E+000  0.1000E+001  0.2130E+002  0.1404E+003
  0.479072176E-002  0.954051061E+000  0.9864E+000  0.2129E+002  0.1381E+003
  0.309541467E-001  0.923917549E+000  0.9099E+000  0.2125E+002  0.1250E+003
  0.692444771E-001  0.909341731E+000  0.7887E+000  0.2117E+002  0.1043E+003
  0.114691978E+000  0.905509114E+000  0.6295E+000  0.2104E+002  0.7715E+002
  0.161932063E+000  0.911526114E+000  0.4444E+000  0.2082E+002  0.4597E+002
  0.203490263E+000  0.922131035E+000  0.2604E+000  0.2036E+002  0.1604E+002
  0.225165241E+000  0.919984299E+000  0.1359E+000  0.1899E+002  0.6838E+000
  0.232059011E+000  0.927495563E+000  0.0000E+000  0.1400E+002  0.7022E-005
  0.000000000E+000  0.100000000E+001  0.1000E+001  0.2130E+002  0.1404E+003
  0.202500884E-002  0.998099858E+000  0.9811E+000  0.2129E+002  0.1372E+003
  0.114649366E-001  0.986050846E+000  0.9386E+000  0.2127E+002  0.1299E+003
  0.407283571E-001  0.974344462E+000  0.8334E+000  0.2120E+002  0.1119E+003
  0.894402435E-001  0.970308798E+000  0.6625E+000  0.2107E+002  0.8275E+002
  0.141522076E+000  0.979895989E+000  0.4618E+000  0.2084E+002  0.4888E+002
  0.186281090E+000  0.996083995E+000  0.2662E+000  0.2038E+002  0.1694E+002
  0.211974447E+000  0.998708831E+000  0.1353E+000  0.1897E+002  0.6564E+000
  0.217088563E+000  0.100984368E+001  0.0000E+000  0.1400E+002  0.7022E-005
 -0.109278475E-009  0.100113694E+001  0.9675E+000  0.2128E+002  0.1349E+003
  0.868785628E-002  0.100033862E+001  0.9162E+000  0.2125E+002  0.1261E+003
  0.271834411E-001  0.100034354E+001  0.8296E+000  0.2120E+002  0.1113E+003
  0.671914512E-001  0.100586145E+001  0.6749E+000  0.2108E+002  0.8487E+002
  0.118880630E+000  0.102324350E+001  0.4698E+000  0.2085E+002  0.5021E+002
  0.167757711E+000  0.103988486E+001  0.2676E+000  0.2039E+002  0.1716E+002
  0.200529860E+000  0.103141431E+001  0.1371E+000  0.1902E+002  0.7365E+000
  0.203675714E+000  0.104438562E+001  0.0000E+000  0.1400E+002  0.7022E-005
 -0.218556950E-009  0.100559615E+001  0.9099E+000  0.2125E+002  0.1250E+003
  0.148937431E-001  0.101248458E+001  0.8227E+000  0.2120E+002  0.1101E+003
  0.453603173E-001  0.102711629E+001  0.6803E+000  0.2109E+002  0.8579E+002
  0.908843452E-001  0.105579981E+001  0.4751E+000  0.2086E+002  0.5111E+002
  0.138613200E+000  0.108278832E+001  0.2676E+000  0.2039E+002  0.1717E+002
  0.178930715E+000  0.107328876E+001  0.1381E+000  0.1905E+002  0.7880E+000
  0.182101953E+000  0.108387928E+001  0.0000E+000  0.1400E+002  0.7022E-005
 -0.327835425E-009  0.101677446E+001  0.8219E+000  0.2119E+002  0.1099E+003
  0.230314420E-001  0.103869610E+001  0.6836E+000  0.2109E+002  0.8635E+002
  0.593408821E-001  0.107767180E+001  0.4785E+000  0.2087E+002  0.5167E+002
  0.997274828E-001  0.111756719E+001  0.2672E+000  0.2039E+002  0.1710E+002
  0.143107455E+000  0.111788799E+001  0.1379E+000  0.1904E+002  0.7770E+000
  0.145429042E+000  0.112776100E+001  0.0000E+000  0.1400E+002  0.7022E-005
 -0.437113900E-009  0.104211377E+001  0.6869E+000  0.2109E+002  0.8690E+002
  0.270651749E-001  0.108912631E+001  0.4802E+000  0.2087E+002  0.5195E+002
  0.525825586E-001  0.114046098E+001  0.2670E+000  0.2039E+002  0.1706E+002
  0.896076832E-001  0.115621036E+001  0.1378E+000  0.1904E+002  0.7727E+000
  0.898345556E-001  0.116617678E+001  0.0000E+000  0.1400E+002  0.7022E-005
 -0.546392375E-009  0.109155970E+001  0.4805E+000  0.2087E+002  0.5200E+002
 -0.655670850E-009  0.114830204E+001  0.2690E+000  0.2039E+002  0.1737E+002
 -0.764949325E-009  0.118117847E+001  0.1335E+000  0.1892E+002  0.5846E+000
 -0.874227800E-009  0.118974407E+001  0.0000E+000  0.1400E+002  0.7022E-005
  0.600000000E+03
STEP  =  12             
CPU   =   0.00(SEC)     
H     = 0.250E+02       
NRE:NJE =    0:208      
  0.000000000E+000  0.000000000E+000  0.1000E+001  0.2130E+002  0.1404E+003
  0.632541302E-001  0.000000000E+000  0.8745E+000  0.2123E+002  0.1189E+003
  0.123538696E+000  0.000000000E+000  0.7388E+000  0.2113E+002  0.9575E+002
  0.186887611E+000  0.000000000E+000  0.5779E+000  0.2099E+002  0.6841E+002
  0.255645262E+000  0.000000000E+000  0.3788E+000  0.2070E+002  0.3508E+002
  0.322836308E+000  0.000000000E+000  0.1454E+000  0.1923E+002  0.1205E+001
  0.328662384E+000  0.000000000E+000  0.5764E-001  0.1618E+002  0.1059E-002
  0.330736005E+000  0.000000000E+000  0.1692E-001  0.1464E+002  0.3062E-004
  0.333303987E+000  0.000000000E+000  0.0000E+000  0.1400E+002  0.7022E-005
  0.000000000E+000  0.518026114E+000  0.1000E+001  0.2130E+002  0.1404E+003
  0.503693445E-001  0.513610669E+000  0.9034E+000  0.2125E+002  0.1239E+003
  0.104258291E+000  0.513710644E+000  0.7888E+000  0.2117E+002  0.1043E+003
  0.160282250E+000  0.518687114E+000  0.6550E+000  0.2106E+002  0.8148E+002
  0.222461906E+000  0.518702455E+000  0.4876E+000  0.2088E+002  0.5319E+002
  0.288232548E+000  0.508718644E+000  0.2843E+000  0.2045E+002  0.1978E+002
  0.326310546E+000  0.495467445E+000  0.1214E+000  0.1854E+002  0.2424E+000
  0.329197600E+000  0.494893143E+000  0.7154E-001  0.1670E+002  0.3546E-002
  0.334895298E+000  0.506896170E+000  0.0000E+000  0.1400E+002  0.7022E-005
  0.000000000E+000  0.972246935E+000  0.1000E+001  0.2130E+002  0.1404E+003
  0.203336647E-002  0.949337084E+000  0.9957E+000  0.2130E+002  0.1397E+003
  0.290636539E-001  0.904936181E+000  0.9391E+000  0.2127E+002  0.1300E+003
  0.908305360E-001  0.876542792E+000  0.8006E+000  0.2118E+002  0.1063E+003
  0.164055454E+000  0.870070342E+000  0.6183E+000  0.2103E+002  0.7526E+002
  0.244423909E+000  0.877872777E+000  0.3917E+000  0.2072E+002  0.3721E+002
  0.310707051E+000  0.888548306E+000  0.1709E+000  0.1970E+002  0.3506E+001
  0.317861388E+000  0.877540554E+000  0.1000E+000  0.1777E+002  0.4150E-001
  0.324277099E+000  0.892725969E+000  0.0000E+000  0.1400E+002  0.7022E-005
  0.000000000E+000  0.100000000E+001  0.1000E+001  0.2130E+002  0.1404E+003
  0.180939340E-002  0.997846600E+000  0.9877E+000  0.2129E+002  0.1383E+003
  0.959304045E-002  0.984729502E+000  0.9588E+000  0.2128E+002  0.1334E+003
  0.374150697E-001  0.964225718E+000  0.8868E+000  0.2124E+002  0.1210E+003
  0.116160346E+000  0.952782315E+000  0.6906E+000  0.2110E+002  0.8754E+002
  0.211623911E+000  0.965033766E+000  0.4333E+000  0.2080E+002  0.4413E+002
  0.285838917E+000  0.979559012E+000  0.2053E+000  0.2005E+002  0.7881E+001
  0.306111727E+000  0.962711965E+000  0.1224E+000  0.1857E+002  0.2613E+000
  0.312221535E+000  0.981190960E+000  0.0000E+000  0.1400E+002  0.7022E-005
 -0.109278475E-009  0.100163095E+001  0.9666E+000  0.2128E+002  0.1347E+003
  0.105140629E-001  0.100068930E+001  0.9206E+000  0.2126E+002  0.1268E+003
  0.345569403E-001  0.996001721E+000  0.8483E+000  0.2121E+002  0.1145E+003
  0.860503625E-001  0.100114352E+001  0.7062E+000  0.2111E+002  0.9019E+002
  0.175319881E+000  0.102741654E+001  0.4579E+000  0.2084E+002  0.4822E+002
  0.258700326E+000  0.105012309E+001  0.2138E+000  0.2011E+002  0.9076E+001
  0.293145188E+000  0.101157137E+001  0.1313E+000  0.1885E+002  0.5018E+000
  0.298562423E+000  0.102929220E+001  0.0000E+000  0.1400E+002  0.7022E-005
 -0.218556950E-009  0.100805242E+001  0.9067E+000  0.2125E+002  0.1245E+003
  0.213358528E-001  0.101584290E+001  0.8271E+000  0.2120E+002  0.1108E+003
  0.592584521E-001  0.103178226E+001  0.7034E+000  0.2111E+002  0.8972E+002
  0.132141638E+000  0.107434744E+001  0.4752E+000  0.2086E+002  0.5112E+002
  0.216349103E+000  0.111939712E+001  0.2148E+000  0.2012E+002  0.9215E+001
  0.266013400E+000  0.107832895E+001  0.1339E+000  0.1893E+002  0.5996E+000
  0.271382357E+000  0.109243798E+001  0.0000E+000  0.1400E+002  0.7022E-005
 -0.327835425E-009  0.102300854E+001  0.8234E+000  0.2120E+002  0.1102E+003
  0.309687326E-001  0.104889706E+001  0.7010E+000  0.2110E+002  0.8931E+002
  0.851476070E-001  0.110514243E+001  0.4864E+000  0.2088E+002  0.5300E+002
  0.158005771E+000  0.117689637E+001  0.2121E+000  0.2010E+002  0.8825E+001
  0.217518176E+000  0.114968162E+001  0.1327E+000  0.1890E+002  0.5539E+000
  0.220879119E+000  0.116349309E+001  0.0000E+000  0.1400E+002  0.7022E-005
 -0.437113900E-009  0.105343789E+001  0.7051E+000  0.2111E+002  0.9001E+002
  0.386353763E-001  0.112092016E+001  0.4919E+000  0.2089E+002  0.5392E+002
  0.871722438E-001  0.121541438E+001  0.2076E+000  0.2007E+002  0.8201E+001
  0.138837725E+000  0.121450129E+001  0.1306E+000  0.1883E+002  0.4768E+000
  0.139573063E+000  0.122774968E+001  0.0000E+000  0.1400E+002  0.7022E-005
 -0.546392375E-009  0.112439800E+001  0.4924E+000  0.2089E+002  0.5401E+002
 -0.655670850E-009  0.122872931E+001  0.2154E+000  0.2012E+002  0.9300E+001
 -0.764949325E-009  0.125677215E+001  0.1210E+000  0.1852E+002  0.2333E+000
 -0.874227800E-009  0.126758319E+001  0.0000E+000  0.1400E+002  0.7022E-005
  0.900000000E+03
STEP  =  13             
CPU   =   0.00(SEC)     
H     = 0.212E+02       
NRE:NJE =    0:247      
  0.000000000E+000  0.000000000E+000  0.1000E+001  0.2130E+002  0.1404E+003
  0.805095824E-001  0.000000000E+000  0.8697E+000  0.2123E+002  0.1181E+003
  0.156234493E+000  0.000000000E+000  0.7301E+000  0.2113E+002  0.9426E+002
  0.235795960E+000  0.000000000E+000  0.5640E+000  0.2097E+002  0.6606E+002
  0.323822336E+000  0.000000000E+000  0.3534E+000  0.2064E+002  0.3092E+002
  0.395595266E+000  0.000000000E+000  0.1412E+000  0.1913E+002  0.9479E+000
  0.403515659E+000  0.000000000E+000  0.4926E-001  0.1586E+002  0.5110E-003
  0.406564901E+000  0.000000000E+000  0.9097E-002  0.1434E+002  0.1550E-004
  0.409229339E+000  0.000000000E+000  0.0000E+000  0.1400E+002  0.7022E-005
  0.000000000E+000  0.541778550E+000  0.1000E+001  0.2130E+002  0.1404E+003
  0.584914103E-001  0.537149374E+000  0.9080E+000  0.2125E+002  0.1247E+003
  0.128285974E+000  0.541660041E+000  0.7863E+000  0.2117E+002  0.1038E+003
  0.198986238E+000  0.551033626E+000  0.6473E+000  0.2106E+002  0.8018E+002
  0.281115566E+000  0.552404219E+000  0.4644E+000  0.2085E+002  0.4932E+002
  0.371887405E+000  0.534978694E+000  0.2275E+000  0.2020E+002  0.1106E+002
  0.395774875E+000  0.514748790E+000  0.1179E+000  0.1842E+002  0.1834E+000
  0.399892117E+000  0.513311018E+000  0.5722E-001  0.1616E+002  0.1021E-002
  0.405940794E+000  0.526747751E+000  0.0000E+000  0.1400E+002  0.7022E-005
  0.000000000E+000  0.965913948E+000  0.1000E+001  0.2130E+002  0.1404E+003
  0.179445897E-002  0.943431126E+000  0.9968E+000  0.2130E+002  0.1399E+003
  0.235891649E-001  0.898896183E+000  0.9591E+000  0.2128E+002  0.1334E+003
  0.107191455E+000  0.856127217E+000  0.8049E+000  0.2118E+002  0.1070E+003
  0.205712503E+000  0.851338327E+000  0.6027E+000  0.2101E+002  0.7262E+002
  0.317409936E+000  0.862336727E+000  0.3414E+000  0.2062E+002  0.2897E+002
  0.387014803E+000  0.879669639E+000  0.1384E+000  0.1906E+002  0.8009E+000
  0.392997718E+000  0.869838810E+000  0.7682E-001  0.1690E+002  0.5608E-002
  0.399674911E+000  0.881393063E+000  0.0000E+000  0.1400E+002  0.7022E-005
  0.000000000E+000  0.100000000E+001  0.1000E+001  0.2130E+002  0.1404E+003
  0.202865644E-002  0.997542156E+000  0.9886E+000  0.2129E+002  0.1385E+003
  0.999554304E-002  0.982998425E+000  0.9634E+000  0.2128E+002  0.1342E+003
  0.364086838E-001  0.958467563E+000  0.9069E+000  0.2125E+002  0.1245E+003
  0.127561478E+000  0.942733587E+000  0.7197E+000  0.2112E+002  0.9249E+002
  0.271807910E+000  0.961395949E+000  0.4008E+000  0.2074E+002  0.3873E+002
  0.361706069E+000  0.971830809E+000  0.1728E+000  0.1972E+002  0.3717E+001
  0.380299898E+000  0.935099399E+000  0.1037E+000  0.1791E+002  0.5666E-001
  0.384920259E+000  0.962632411E+000  0.0000E+000  0.1400E+002  0.7022E-005
 -0.109278475E-009  0.100196484E+001  0.9668E+000  0.2128E+002  0.1347E+003
  0.120513734E-001  0.100082597E+001  0.9232E+000  0.2126E+002  0.1273E+003
  0.397524228E-001  0.994015104E+000  0.8560E+000  0.2122E+002  0.1158E+003
  0.970104597E-001  0.998876002E+000  0.7250E+000  0.2112E+002  0.9340E+002
  0.220967387E+000  0.103557801E+001  0.4422E+000  0.2081E+002  0.4560E+002
  0.328551464E+000  0.106202305E+001  0.1829E+000  0.1985E+002  0.4920E+001
  0.363329535E+000  0.997721778E+000  0.1296E+000  0.1880E+002  0.4445E+000
  0.369824398E+000  0.101925805E+001  0.0000E+000  0.1400E+002  0.7022E-005
 -0.218556950E-009  0.100966785E+001  0.9074E+000  0.2125E+002  0.1246E+003
  0.255200965E-001  0.101857575E+001  0.8302E+000  0.2120E+002  0.1114E+003
  0.698109847E-001  0.103706971E+001  0.7107E+000  0.2111E+002  0.9096E+002
  0.162859867E+000  0.109146638E+001  0.4724E+000  0.2086E+002  0.5065E+002
  0.278160732E+000  0.115366852E+001  0.1760E+000  0.1976E+002  0.4084E+001
  0.333510580E+000  0.108029651E+001  0.1297E+000  0.1881E+002  0.4500E+000
  0.340196534E+000  0.109666583E+001  0.0000E+000  0.1400E+002  0.7022E-005
 -0.327835425E-009  0.102757250E+001  0.8253E+000  0.2120E+002  0.1105E+003
  0.373066061E-001  0.105908461E+001  0.7031E+000  0.2111E+002  0.8966E+002
  0.102949985E+000  0.112610439E+001  0.4930E+000  0.2089E+002  0.5410E+002
  0.206823235E+000  0.123282201E+001  0.1593E+000  0.1952E+002  0.2315E+001
  0.277110443E+000  0.117513599E+001  0.1135E+000  0.1826E+002  0.1281E+000
  0.280707866E+000  0.118884754E+001  0.0000E+000  0.1400E+002  0.7022E-005
 -0.437113900E-009  0.106443770E+001  0.7074E+000  0.2111E+002  0.9041E+002
  0.463167469E-001  0.114321991E+001  0.5032E+000  0.2090E+002  0.5582E+002
  0.117651194E+000  0.128705808E+001  0.1447E+000  0.1922E+002  0.1160E+001
  0.166367015E+000  0.127814227E+001  0.7380E-001  0.1679E+002  0.4317E-002
  0.168142570E+000  0.128547969E+001  0.0000E+000  0.1400E+002  0.7022E-005
 -0.546392375E-009  0.114731757E+001  0.5036E+000  0.2090E+002  0.5588E+002
 -0.655670850E-009  0.130016828E+001  0.1664E+000  0.1963E+002  0.3024E+001
 -0.764949325E-009  0.132548130E+001  0.4327E-001  0.1564E+002  0.3033E-003
 -0.874227800E-009  0.132993736E+001  0.0000E+000  0.1400E+002  0.7022E-005
  0.180000000E+04
STEP  =  15             
CPU   =   0.00(SEC)     
H     = 0.538E+02       
NRE:NJE =    0:315      
  0.000000000E+000  0.000000000E+000  0.1000E+001  0.2130E+002  0.1404E+003
  0.130830245E+000  0.000000000E+000  0.8501E+000  0.2121E+002  0.1148E+003
  0.244895608E+000  0.000000000E+000  0.6988E+000  0.2110E+002  0.8893E+002
  0.363433846E+000  0.000000000E+000  0.5192E+000  0.2092E+002  0.5851E+002
  0.496693377E+000  0.000000000E+000  0.2842E+000  0.2045E+002  0.1978E+002
  0.559102905E+000  0.000000000E+000  0.1322E+000  0.1888E+002  0.5356E+000
  0.569266181E+000  0.000000000E+000  0.3771E-001  0.1543E+002  0.1869E-003
  0.573718066E+000  0.000000000E+000  0.5025E-002  0.1419E+002  0.1087E-004
  0.576609598E+000  0.000000000E+000  0.0000E+000  0.1400E+002  0.7022E-005
  0.000000000E+000  0.569323324E+000  0.1000E+001  0.2130E+002  0.1404E+003
  0.649119893E-001  0.562789542E+000  0.9269E+000  0.2126E+002  0.1279E+003
  0.180305698E+000  0.582608933E+000  0.7823E+000  0.2117E+002  0.1032E+003
  0.295218284E+000  0.613338528E+000  0.6187E+000  0.2103E+002  0.7532E+002
  0.427671371E+000  0.629547563E+000  0.4036E+000  0.2075E+002  0.3919E+002
  0.556841253E+000  0.605392363E+000  0.1530E+000  0.1940E+002  0.1761E+001
  0.566214625E+000  0.583674947E+000  0.9265E-001  0.1750E+002  0.2207E-001
  0.574502319E+000  0.578441192E+000  0.1570E-001  0.1459E+002  0.2754E-004
  0.578162833E+000  0.592358363E+000  0.0000E+000  0.1400E+002  0.7022E-005
  0.000000000E+000  0.955169599E+000  0.1000E+001  0.2130E+002  0.1404E+003
  0.251979133E-002  0.926292288E+000  0.9966E+000  0.2130E+002  0.1399E+003
  0.171361132E-001  0.885344714E+000  0.9786E+000  0.2129E+002  0.1368E+003
  0.124522920E+000  0.826642663E+000  0.8352E+000  0.2120E+002  0.1122E+003
  0.308937042E+000  0.838776223E+000  0.5598E+000  0.2097E+002  0.6536E+002
  0.493981525E+000  0.868611502E+000  0.2410E+000  0.2027E+002  0.1307E+002
  0.540092923E+000  0.874701819E+000  0.1149E+000  0.1831E+002  0.1442E+000
  0.549131833E+000  0.867151166E+000  0.4252E-001  0.1561E+002  0.2843E-003
  0.554594563E+000  0.882132324E+000  0.0000E+000  0.1400E+002  0.7022E-005
  0.000000000E+000  0.100000000E+001  0.1000E+001  0.2130E+002  0.1404E+003
  0.244136603E-002  0.997019581E+000  0.9898E+000  0.2130E+002  0.1387E+003
  0.110699327E-001  0.979132783E+000  0.9696E+000  0.2128E+002  0.1352E+003
  0.388517758E-001  0.951319734E+000  0.9240E+000  0.2126E+002  0.1274E+003
  0.114397624E+000  0.926836204E+000  0.8131E+000  0.2119E+002  0.1084E+003
  0.415179641E+000  0.982595108E+000  0.3307E+000  0.2059E+002  0.2722E+002
  0.516927866E+000  0.965392190E+000  0.1518E+000  0.1937E+002  0.1665E+001
  0.537224313E+000  0.912082320E+000  0.8060E-001  0.1705E+002  0.7789E-002
  0.542764725E+000  0.946876488E+000  0.0000E+000  0.1400E+002  0.7022E-005
 -0.109278475E-009  0.100244844E+001  0.9689E+000  0.2128E+002  0.1351E+003
  0.145320576E-001  0.100070997E+001  0.9305E+000  0.2126E+002  0.1285E+003
  0.467786972E-001  0.992046032E+000  0.8719E+000  0.2123E+002  0.1185E+003
  0.112395311E+000  0.995296441E+000  0.7615E+000  0.2115E+002  0.9962E+002
  0.321828786E+000  0.106426365E+001  0.4141E+000  0.2077E+002  0.4093E+002
  0.470386607E+000  0.109765429E+001  0.1603E+000  0.1954E+002  0.2413E+001
  0.518085336E+000  0.979095046E+000  0.1306E+000  0.1883E+002  0.4781E+000
  0.528656014E+000  0.100866265E+001  0.0000E+000  0.1400E+002  0.7022E-005
 -0.218556950E-009  0.101185560E+001  0.9142E+000  0.2125E+002  0.1257E+003
  0.311822151E-001  0.102247180E+001  0.8441E+000  0.2121E+002  0.1137E+003
  0.864749922E-001  0.104511010E+001  0.7342E+000  0.2113E+002  0.9496E+002
  0.224146438E+000  0.111843996E+001  0.4892E+000  0.2088E+002  0.5347E+002
  0.419436495E+000  0.121204727E+001  0.1412E+000  0.1913E+002  0.9521E+000
  0.480383200E+000  0.109981259E+001  0.1133E+000  0.1826E+002  0.1265E+000
  0.488800018E+000  0.112105258E+001  0.0000E+000  0.1400E+002  0.7022E-005
 -0.327835425E-009  0.103415661E+001  0.8375E+000  0.2121E+002  0.1126E+003
  0.465046804E-001  0.107344328E+001  0.7247E+000  0.2112E+002  0.9335E+002
  0.131637842E+000  0.115096720E+001  0.5415E+000  0.2095E+002  0.6226E+002
  0.318509679E+000  0.131344030E+001  0.1507E+000  0.1935E+002  0.1581E+001
  0.415154096E+000  0.124994628E+001  0.3148E-001  0.1519E+002  0.1088E-003
  0.414512838E+000  0.126059089E+001  0.0000E+000  0.1400E+002  0.7022E-005
 -0.437113900E-009  0.108001990E+001  0.7287E+000  0.2113E+002  0.9403E+002
  0.555472957E-001  0.116627900E+001  0.5623E+000  0.2097E+002  0.6577E+002
  0.144923774E+000  0.140588748E+001  0.1541E+000  0.1942E+002  0.1851E+001
  0.239796496E+000  0.140416833E+001  0.1235E-002  0.1405E+002  0.7819E-005
  0.234397270E+000  0.140901687E+001  0.0000E+000  0.1400E+002  0.7022E-005
 -0.546392375E-009  0.117295551E+001  0.5593E+000  0.2097E+002  0.6527E+002
 -0.655670850E-009  0.143292789E+001  0.1501E+000  0.1934E+002  0.1536E+001
 -0.764949325E-009  0.146193928E+001  0.5660E-002  0.1421E+002  0.1149E-004
 -0.874227800E-009  0.146535712E+001  0.0000E+000  0.1400E+002  0.7022E-005
  0.270000000E+04
STEP  =  16             
CPU   =   0.00(SEC)     
H     = 0.142E+03       
NRE:NJE =    0:339      
  0.000000000E+000  0.000000000E+000  0.1000E+001  0.2130E+002  0.1404E+003
  0.173361149E+000  0.000000000E+000  0.8371E+000  0.2120E+002  0.1125E+003
  0.321514645E+000  0.000000000E+000  0.6746E+000  0.2108E+002  0.8482E+002
  0.473607160E+000  0.000000000E+000  0.4824E+000  0.2087E+002  0.5232E+002
  0.641558092E+000  0.000000000E+000  0.2321E+000  0.2022E+002  0.1174E+002
  0.686062971E+000  0.000000000E+000  0.1262E+000  0.1869E+002  0.3477E+000
  0.698937578E+000  0.000000000E+000  0.2558E-001  0.1497E+002  0.6504E-004
  0.703546067E+000  0.000000000E+000  0.3452E-002  0.1413E+002  0.9483E-005
  0.706606861E+000  0.000000000E+000  0.0000E+000  0.1400E+002  0.7022E-005
  0.000000000E+000  0.579580827E+000  0.1000E+001  0.2130E+002  0.1404E+003
  0.663730036E-001  0.560647091E+000  0.9383E+000  0.2127E+002  0.1299E+003
  0.218341001E+000  0.566024383E+000  0.7812E+000  0.2117E+002  0.1030E+003
  0.380068105E+000  0.616088786E+000  0.5893E+000  0.2100E+002  0.7034E+002
  0.556416967E+000  0.649900446E+000  0.3490E+000  0.2063E+002  0.3020E+002
  0.679514917E+000  0.660261702E+000  0.1428E+000  0.1917E+002  0.1040E+001
  0.689795216E+000  0.648071307E+000  0.8098E-001  0.1706E+002  0.8047E-002
  0.700697002E+000  0.645956630E+000  0.7236E-002  0.1427E+002  0.1318E-004
  0.703679811E+000  0.659324046E+000  0.0000E+000  0.1400E+002  0.7022E-005
  0.000000000E+000  0.954689380E+000  0.1000E+001  0.2130E+002  0.1404E+003
  0.594940428E-002  0.912040273E+000  0.9930E+000  0.2130E+002  0.1392E+003
  0.244622044E-001  0.868124332E+000  0.9737E+000  0.2129E+002  0.1359E+003
  0.134939592E+000  0.811453063E+000  0.8515E+000  0.2121E+002  0.1150E+003
  0.411914245E+000  0.837331280E+000  0.5077E+000  0.2091E+002  0.5658E+002
  0.631675290E+000  0.898602252E+000  0.1827E+000  0.1984E+002  0.4892E+001
  0.656875899E+000  0.888112401E+000  0.1006E+000  0.1779E+002  0.4356E-001
  0.668060114E+000  0.885167904E+000  0.2057E-001  0.1478E+002  0.4208E-004
  0.671533061E+000  0.899395478E+000  0.0000E+000  0.1400E+002  0.7022E-005
  0.000000000E+000  0.100000000E+001  0.1000E+001  0.2130E+002  0.1404E+003
  0.333813768E-002  0.996512344E+000  0.9876E+000  0.2129E+002  0.1383E+003
  0.140586498E-001  0.976101111E+000  0.9676E+000  0.2128E+002  0.1349E+003
  0.473359065E-001  0.944949425E+000  0.9222E+000  0.2126E+002  0.1271E+003
  0.124722423E+000  0.916781697E+000  0.8292E+000  0.2120E+002  0.1112E+003
  0.527404683E+000  0.101576204E+001  0.2875E+000  0.2046E+002  0.2029E+002
  0.635582881E+000  0.951448785E+000  0.1489E+000  0.1931E+002  0.1447E+001
  0.655580169E+000  0.918485064E+000  0.6080E-001  0.1630E+002  0.1394E-002
  0.660488574E+000  0.952245942E+000  0.0000E+000  0.1400E+002  0.7022E-005
 -0.109278475E-009  0.100312899E+001  0.9677E+000  0.2128E+002  0.1349E+003
  0.173270358E-001  0.100134463E+001  0.9302E+000  0.2126E+002  0.1285E+003
  0.550002008E-001  0.992188172E+000  0.8731E+000  0.2123E+002  0.1187E+003
  0.131828783E+000  0.996755139E+000  0.7660E+000  0.2116E+002  0.1004E+003
  0.399491851E+000  0.109503315E+001  0.3948E+000  0.2073E+002  0.3773E+002
  0.569659214E+000  0.114107035E+001  0.1532E+000  0.1940E+002  0.1779E+001
  0.636397471E+000  0.962920661E+000  0.1337E+000  0.1893E+002  0.5920E+000
  0.648818306E+000  0.100199588E+001  0.0000E+000  0.1400E+002  0.7022E-005
 -0.218556950E-009  0.101425241E+001  0.9148E+000  0.2125E+002  0.1258E+003
  0.361984515E-001  0.102692026E+001  0.8471E+000  0.2121E+002  0.1142E+003
  0.100031698E+000  0.105381543E+001  0.7412E+000  0.2114E+002  0.9616E+002
  0.263571891E+000  0.113879999E+001  0.5046E+000  0.2090E+002  0.5605E+002
  0.520636921E+000  0.124643062E+001  0.1432E+000  0.1918E+002  0.1064E+001
  0.584316990E+000  0.113636049E+001  0.1023E+000  0.1785E+002  0.5019E-001
  0.593557449E+000  0.116010298E+001  0.0000E+000  0.1400E+002  0.7022E-005
 -0.327835425E-009  0.104016443E+001  0.8409E+000  0.2121E+002  0.1132E+003
  0.534142947E-001  0.108503508E+001  0.7338E+000  0.2113E+002  0.9490E+002
  0.146546518E+000  0.116436709E+001  0.5743E+000  0.2098E+002  0.6781E+002
  0.377713568E+000  0.138728264E+001  0.1561E+000  0.1946E+002  0.2030E+001
  0.507292367E+000  0.131499988E+001  0.6897E-002  0.1426E+002  0.1280E-004
  0.503959753E+000  0.132384082E+001  0.0000E+000  0.1400E+002  0.7022E-005
 -0.437113900E-009  0.109234118E+001  0.7378E+000  0.2113E+002  0.9558E+002
  0.619658312E-001  0.118447674E+001  0.5886E+000  0.2100E+002  0.7022E+002
  0.173962442E+000  0.149744447E+001  0.1539E+000  0.1942E+002  0.1837E+001
  0.277726143E+000  0.149838031E+001  0.3228E-003  0.1401E+002  0.7223E-005
  0.270671197E+000  0.150410601E+001  0.0000E+000  0.1400E+002  0.7022E-005
 -0.546392375E-009  0.119543038E+001  0.5808E+000  0.2099E+002  0.6891E+002
 -0.655670850E-009  0.152947895E+001  0.1502E+000  0.1934E+002  0.1540E+001
 -0.764949325E-009  0.156565641E+001  0.5840E-002  0.1422E+002  0.1167E-004
 -0.874227800E-009  0.157016356E+001  0.0000E+000  0.1400E+002  0.7022E-005
  0.360000000E+04
STEP  =  17             
CPU   =   0.00(SEC)     
H     = 0.283E+02       
NRE:NJE =    0:389      
  0.000000000E+000  0.000000000E+000  0.1000E+001  0.2130E+002  0.1404E+003
  0.207005604E+000  0.000000000E+000  0.8307E+000  0.2120E+002  0.1114E+003
  0.386431983E+000  0.000000000E+000  0.6590E+000  0.2107E+002  0.8217E+002
  0.570873937E+000  0.000000000E+000  0.4543E+000  0.2083E+002  0.4761E+002
  0.765921431E+000  0.000000000E+000  0.1958E+000  0.1997E+002  0.6578E+001
  0.794593134E+000  0.000000000E+000  0.1227E+000  0.1858E+002  0.2660E+000
  0.810376780E+000  0.000000000E+000  0.1629E-001  0.1462E+002  0.2900E-004
  0.814257386E+000  0.000000000E+000  0.2783E-002  0.1411E+002  0.8947E-005
  0.817473223E+000  0.000000000E+000  0.0000E+000  0.1400E+002  0.7022E-005
  0.000000000E+000  0.789702920E+000  0.1000E+001  0.2130E+002  0.1404E+003
  0.459923281E-001  0.697538744E+000  0.9623E+000  0.2128E+002  0.1340E+003
  0.243722857E+000  0.574252049E+000  0.7859E+000  0.2117E+002  0.1038E+003
  0.453112819E+000  0.613168798E+000  0.5687E+000  0.2098E+002  0.6685E+002
  0.670611144E+000  0.654604110E+000  0.3071E+000  0.2052E+002  0.2342E+002
  0.780058988E+000  0.686865742E+000  0.1368E+000  0.1901E+002  0.7260E+000
  0.791521139E+000  0.678090258E+000  0.7175E-001  0.1671E+002  0.3612E-002
  0.803339392E+000  0.679627602E+000  0.5948E-002  0.1422E+002  0.1178E-004
  0.806417735E+000  0.692877285E+000  0.0000E+000  0.1400E+002  0.7022E-005
  0.000000000E+000  0.967576100E+000  0.1000E+001  0.2130E+002  0.1404E+003
  0.262194508E-001  0.918304359E+000  0.9662E+000  0.2128E+002  0.1346E+003
  0.552102445E-001  0.877299808E+000  0.9381E+000  0.2127E+002  0.1298E+003
  0.151366496E+000  0.817959170E+000  0.8478E+000  0.2121E+002  0.1144E+003
  0.505048422E+000  0.847586151E+000  0.4657E+000  0.2085E+002  0.4953E+002
  0.736812174E+000  0.910208477E+000  0.1644E+000  0.1960E+002  0.2814E+001
  0.758066638E+000  0.898440531E+000  0.9249E-001  0.1749E+002  0.2177E-001
  0.771238423E+000  0.899631826E+000  0.1161E-001  0.1444E+002  0.1929E-004
  0.773788147E+000  0.912833989E+000  0.0000E+000  0.1400E+002  0.7022E-005
  0.000000000E+000  0.100000000E+001  0.1000E+001  0.2130E+002  0.1404E+003
  0.583743601E-002  0.996654311E+000  0.9778E+000  0.2129E+002  0.1366E+003
  0.222657300E-001  0.977835001E+000  0.9526E+000  0.2128E+002  0.1323E+003
  0.623841500E-001  0.948323045E+000  0.9057E+000  0.2125E+002  0.1243E+003
  0.147572384E+000  0.918173535E+000  0.8182E+000  0.2119E+002  0.1093E+003
  0.618524398E+000  0.104825633E+001  0.2634E+000  0.2037E+002  0.1650E+002
  0.736924583E+000  0.936907286E+000  0.1507E+000  0.1935E+002  0.1581E+001
  0.757865660E+000  0.927115970E+000  0.4656E-001  0.1576E+002  0.4040E-003
  0.761410925E+000  0.959759328E+000  0.0000E+000  0.1400E+002  0.7022E-005
 -0.109278475E-009  0.100471589E+001  0.9610E+000  0.2128E+002  0.1338E+003
  0.211161418E-001  0.100542418E+001  0.9199E+000  0.2126E+002  0.1267E+003
  0.645053029E-001  0.998333574E+000  0.8638E+000  0.2122E+002  0.1171E+003
  0.150766530E+000  0.100423076E+001  0.7612E+000  0.2115E+002  0.9956E+002
  0.463801717E+000  0.112616250E+001  0.3813E+000  0.2070E+002  0.3550E+002
  0.647509025E+000  0.119913133E+001  0.1433E+000  0.1918E+002  0.1070E+001
  0.738083330E+000  0.949076525E+000  0.1350E+000  0.1896E+002  0.6463E+000
  0.749742098E+000  0.100085339E+001  0.0000E+000  0.1400E+002  0.7022E-005
 -0.218556950E-009  0.101862201E+001  0.9073E+000  0.2125E+002  0.1246E+003
  0.407939688E-001  0.103502845E+001  0.8410E+000  0.2121E+002  0.1132E+003
  0.112760318E+000  0.106549452E+001  0.7395E+000  0.2114E+002  0.9587E+002
  0.294184783E+000  0.115867125E+001  0.5139E+000  0.2091E+002  0.5761E+002
  0.602695264E+000  0.128038213E+001  0.1440E+000  0.1920E+002  0.1117E+001
  0.663916376E+000  0.119419683E+001  0.8294E-001  0.1713E+002  0.9539E-002
  0.672651676E+000  0.121585603E+001  0.0000E+000  0.1400E+002  0.7022E-005
 -0.327835425E-009  0.104834015E+001  0.8363E+000  0.2120E+002  0.1124E+003
  0.597852613E-001  0.109851954E+001  0.7340E+000  0.2113E+002  0.9493E+002
  0.159698063E+000  0.118028514E+001  0.5891E+000  0.2100E+002  0.7030E+002
  0.424656862E+000  0.145383916E+001  0.1573E+000  0.1948E+002  0.2134E+001
  0.576982786E+000  0.137119887E+001  0.3900E-002  0.1415E+002  0.9861E-005
  0.572836229E+000  0.137970526E+001  0.0000E+000  0.1400E+002  0.7022E-005
 -0.437113900E-009  0.110624599E+001  0.7379E+000  0.2113E+002  0.9560E+002
  0.687112926E-001  0.120801962E+001  0.5947E+000  0.2101E+002  0.7125E+002
  0.197343784E+000  0.157584382E+001  0.1527E+000  0.1940E+002  0.1744E+001
  0.311528504E+000  0.157882140E+001  0.7275E-003  0.1403E+002  0.7482E-005
  0.303660566E+000  0.158562657E+001  0.0000E+000  0.1400E+002  0.7022E-005
 -0.546392375E-009  0.122166834E+001  0.5853E+000  0.2100E+002  0.6966E+002
 -0.655670850E-009  0.161247533E+001  0.1480E+000  0.1929E+002  0.1383E+001
 -0.764949325E-009  0.165181662E+001  0.6515E-002  0.1425E+002  0.1238E-004
 -0.874227800E-009  0.165701701E+001  0.0000E+000  0.1400E+002  0.7022E-005
