t= 0.000000E+00, nstep=   0, cpu=      .0
  0.000000000E+00  0.0000E+00  0.0000E+00
  0.150000000E+00  0.0000E+00  0.1875E-01
  0.300000000E+00  0.0000E+00  0.3750E-01
  0.450000000E+00  0.0000E+00  0.5625E-01
  0.600000000E+00  0.0000E+00  0.7500E-01
  0.616666667E+00  0.0000E+00  0.7708E-01
  0.633333333E+00  0.0000E+00  0.7917E-01
  0.650000000E+00  0.0000E+00  0.8125E-01
  0.666666667E+00  0.0000E+00  0.8333E-01
  0.683333333E+00  0.0000E+00  0.8542E-01
  0.700000000E+00  0.0000E+00  0.8750E-01
  0.710000000E+00 -0.1000E+00  0.8875E-01
  0.720000000E+00 -0.2000E+00  0.9000E-01
  0.730000000E+00 -0.3000E+00  0.9125E-01
  0.740000000E+00 -0.4000E+00  0.9250E-01
  0.750000000E+00 -0.5000E+00  0.9375E-01
  0.760000000E+00 -0.6000E+00  0.9500E-01
  0.770000000E+00 -0.7000E+00  0.9625E-01
  0.780000000E+00 -0.8000E+00  0.9750E-01
  0.790000000E+00 -0.9000E+00  0.9875E-01
  0.800000000E+00 -0.1000E+01  0.1000E+00
  0.816666667E+00 -0.1000E+01  0.1021E+00
  0.833333333E+00 -0.1000E+01  0.1042E+00
  0.850000000E+00 -0.1000E+01  0.1063E+00
  0.866666667E+00 -0.1000E+01  0.1083E+00
  0.883333333E+00 -0.1000E+01  0.1104E+00
  0.900000000E+00 -0.1000E+01  0.1125E+00
  0.925000000E+00 -0.1000E+01  0.1156E+00
  0.950000000E+00 -0.1000E+01  0.1188E+00
  0.975000000E+00 -0.1000E+01  0.1219E+00
  0.100000000E+01 -0.1000E+01  0.1250E+00
t= 0.100000E+01, nstep=  45, cpu=      .2
  0.000000000E+00  0.0000E+00  0.0000E+00
  0.137019818E+00 -0.1313E-08  0.8086E-02
  0.273936645E+00  0.6551E-08  0.1616E-01
  0.410646361E+00 -0.2821E-07  0.2421E-01
  0.546974104E+00  0.1143E-06  0.3222E-01
  0.562272906E+00 -0.2611E-05  0.3312E-01
  0.577571084E+00  0.1306E-06  0.3402E-01
  0.592867802E+00  0.8999E-04  0.3492E-01
  0.608144439E+00 -0.3204E-03  0.3581E-01
  0.621505684E+00 -0.5130E-02  0.3660E-01
  0.630511402E+00 -0.1764E-01  0.3714E-01
  0.641287960E+00 -0.5595E-01  0.3782E-01
  0.651324204E+00 -0.1322E+00  0.3852E-01
  0.659866862E+00 -0.2373E+00  0.3919E-01
  0.667086457E+00 -0.3562E+00  0.3981E-01
  0.673406236E+00 -0.4816E+00  0.4040E-01
  0.679139965E+00 -0.6102E+00  0.4097E-01
  0.684440761E+00 -0.7405E+00  0.4152E-01
  0.689904507E+00 -0.8667E+00  0.4212E-01
  0.693658310E+00 -0.9226E+00  0.4255E-01
  0.696093591E+00 -0.9380E+00  0.4283E-01
  0.698914511E+00 -0.9439E+00  0.4317E-01
  0.718392155E+00 -0.9465E+00  0.4572E-01
  0.741212581E+00 -0.9467E+00  0.4920E-01
  0.768540876E+00 -0.9533E+00  0.5404E-01
  0.799921626E+00 -0.9634E+00  0.6053E-01
  0.834638512E+00 -0.9726E+00  0.6885E-01
  0.874301845E+00 -0.9803E+00  0.7982E-01
  0.915348264E+00 -0.9877E+00  0.9284E-01
  0.957352297E+00 -0.9942E+00  0.1079E+00
  0.100000000E+01 -0.1000E+01  0.1250E+00
t= 0.500000E+01, nstep=  73, cpu=      .2
  0.000000000E+00  0.0000E+00  0.0000E+00
  0.114956850E+00  0.1947E-06  0.1177E-02
  0.229827007E+00 -0.9209E-06  0.2351E-02
  0.344522797E+00  0.3975E-05  0.3523E-02
  0.458896942E+00 -0.1659E-04  0.4689E-02
  0.471736192E+00 -0.1853E-03  0.4820E-02
  0.484531764E+00 -0.7746E-03  0.4951E-02
  0.496731021E+00 -0.2862E-02  0.5079E-02
  0.506009700E+00 -0.7440E-02  0.5181E-02
  0.512752633E+00 -0.1454E-01  0.5263E-02
  0.518850657E+00 -0.2608E-01  0.5346E-02
  0.525130887E+00 -0.4626E-01  0.5447E-02
  0.532091310E+00 -0.8334E-01  0.5586E-02
  0.540264477E+00 -0.1535E+00  0.5799E-02
  0.549697946E+00 -0.2775E+00  0.6122E-02
  0.561448433E+00 -0.4949E+00  0.6648E-02
  0.569091123E+00 -0.6858E+00  0.7065E-02
  0.576132291E+00 -0.8446E+00  0.7500E-02
  0.578194050E+00 -0.8708E+00  0.7637E-02
  0.580080970E+00 -0.8832E+00  0.7765E-02
  0.582675918E+00 -0.8906E+00  0.7948E-02
  0.593940608E+00 -0.9013E+00  0.8822E-02
  0.637867022E+00 -0.9254E+00  0.1344E-01
  0.680931286E+00 -0.9421E+00  0.1984E-01
  0.725512156E+00 -0.9549E+00  0.2841E-01
  0.769981113E+00 -0.9654E+00  0.3895E-01
  0.815155843E+00 -0.9741E+00  0.5167E-01
  0.860548889E+00 -0.9818E+00  0.6652E-01
  0.906550312E+00 -0.9885E+00  0.8366E-01
  0.952959488E+00 -0.9945E+00  0.1031E+00
  0.100000000E+01 -0.1000E+01  0.1250E+00
t= 0.400000E+02, nstep= 163, cpu=      .5
  0.000000000E+00  0.0000E+00  0.0000E+00
  0.117986769E+00  0.5211E-05 -0.4178E-05
  0.235863785E+00 -0.2230E-04 -0.8292E-05
  0.353220006E+00  0.9040E-04 -0.1265E-04
  0.464606505E+00 -0.3756E-03 -0.1576E-04
  0.479837167E+00 -0.4151E-02 -0.9328E-05
  0.488168638E+00 -0.9965E-02  0.1147E-05
  0.494895418E+00 -0.1934E-01  0.1828E-04
  0.501318129E+00 -0.3535E-01  0.4771E-04
  0.508014938E+00 -0.6377E-01  0.1000E-03
  0.515487999E+00 -0.1156E+00  0.1956E-03
  0.524510898E+00 -0.2148E+00  0.3770E-03
  0.529767435E+00 -0.3067E+00  0.5191E-03
  0.554549910E+00 -0.8249E+00  0.1561E-02
  0.556552772E+00 -0.8557E+00  0.1672E-02
  0.558048711E+00 -0.8698E+00  0.1757E-02
  0.559612835E+00 -0.8782E+00  0.1849E-02
  0.561750694E+00 -0.8839E+00  0.1978E-02
  0.568054914E+00 -0.8912E+00  0.2387E-02
  0.602259899E+00 -0.9135E+00  0.5295E-02
  0.636872161E+00 -0.9295E+00  0.9428E-02
  0.672151340E+00 -0.9420E+00  0.1487E-01
  0.707547267E+00 -0.9522E+00  0.2159E-01
  0.743207849E+00 -0.9608E+00  0.2962E-01
  0.779060163E+00 -0.9683E+00  0.3898E-01
  0.815156303E+00 -0.9749E+00  0.4969E-01
  0.851509316E+00 -0.9809E+00  0.6181E-01
  0.888141414E+00 -0.9862E+00  0.7535E-01
  0.925087561E+00 -0.9912E+00  0.9036E-01
  0.962360234E+00 -0.9957E+00  0.1069E+00
  0.100000000E+01 -0.1000E+01  0.1250E+00
