t= 0.000000E+00, nstep=   0, cpu=      .0
  0.000000000E+00  0.0000E+00  0.0000E+00
  0.150000000E+00  0.0000E+00  0.1875E-01
  0.300000000E+00  0.0000E+00  0.3750E-01
  0.450000000E+00  0.0000E+00  0.5625E-01
  0.600000000E+00  0.0000E+00  0.7500E-01
  0.616666667E+00  0.0000E+00  0.7708E-01
  0.633333333E+00  0.0000E+00  0.7917E-01
  0.650000000E+00  0.0000E+00  0.8125E-01
  0.666666667E+00  0.0000E+00  0.8333E-01
  0.683333333E+00  0.0000E+00  0.8542E-01
  0.700000000E+00  0.0000E+00  0.8750E-01
  0.710000000E+00 -0.1000E+00  0.8875E-01
  0.720000000E+00 -0.2000E+00  0.9000E-01
  0.730000000E+00 -0.3000E+00  0.9125E-01
  0.740000000E+00 -0.4000E+00  0.9250E-01
  0.750000000E+00 -0.5000E+00  0.9375E-01
  0.760000000E+00 -0.6000E+00  0.9500E-01
  0.770000000E+00 -0.7000E+00  0.9625E-01
  0.780000000E+00 -0.8000E+00  0.9750E-01
  0.790000000E+00 -0.9000E+00  0.9875E-01
  0.800000000E+00 -0.1000E+01  0.1000E+00
  0.816666667E+00 -0.1000E+01  0.1021E+00
  0.833333333E+00 -0.1000E+01  0.1042E+00
  0.850000000E+00 -0.1000E+01  0.1063E+00
  0.866666667E+00 -0.1000E+01  0.1083E+00
  0.883333333E+00 -0.1000E+01  0.1104E+00
  0.900000000E+00 -0.1000E+01  0.1125E+00
  0.925000000E+00 -0.1000E+01  0.1156E+00
  0.950000000E+00 -0.1000E+01  0.1188E+00
  0.975000000E+00 -0.1000E+01  0.1219E+00
  0.100000000E+01 -0.1000E+01  0.1250E+00
t= 0.400000E+02, nstep= 131, cpu=      .4
  0.000000000E+00  0.0000E+00  0.0000E+00
  0.212947768E+00  0.1855E-03 -0.1461E-04
  0.407491435E+00 -0.1005E-02 -0.1895E-05
  0.451348642E+00 -0.6531E-02  0.9732E-04
  0.475410384E+00 -0.1434E-01  0.2400E-03
  0.493228359E+00 -0.2478E-01  0.4315E-03
  0.508518656E+00 -0.3878E-01  0.6888E-03
  0.522921251E+00 -0.5791E-01  0.1041E-02
  0.537379831E+00 -0.8458E-01  0.1532E-02
  0.552579436E+00 -0.1223E+00  0.2226E-02
  0.569117199E+00 -0.1761E+00  0.3217E-02
  0.587532076E+00 -0.2528E+00  0.4629E-02
  0.608382753E+00 -0.3616E+00  0.6632E-02
  0.629987215E+00 -0.5001E+00  0.9166E-02
  0.641911248E+00 -0.5931E+00  0.1076E-01
  0.676431208E+00 -0.8662E+00  0.1619E-01
  0.680923093E+00 -0.8955E+00  0.1699E-01
  0.684093235E+00 -0.9119E+00  0.1756E-01
  0.686802171E+00 -0.9229E+00  0.1806E-01
  0.689372572E+00 -0.9309E+00  0.1854E-01
  0.692025302E+00 -0.9369E+00  0.1904E-01
  0.695041725E+00 -0.9417E+00  0.1961E-01
  0.699081043E+00 -0.9458E+00  0.2040E-01
  0.707386414E+00 -0.9505E+00  0.2208E-01
  0.745546502E+00 -0.9607E+00  0.3064E-01
  0.787093838E+00 -0.9692E+00  0.4163E-01
  0.828401309E+00 -0.9768E+00  0.5426E-01
  0.870737559E+00 -0.9835E+00  0.6898E-01
  0.913256124E+00 -0.9895E+00  0.8556E-01
  0.956439135E+00 -0.9950E+00  0.1043E+00
  0.100000000E+01 -0.1000E+01  0.1250E+00
t= 0.140000E+03, nstep= 295, cpu=      .9
  0.000000000E+00  0.0000E+00  0.0000E+00
  0.299695137E+00  0.3594E-04 -0.9250E-05
  0.462028783E+00 -0.2122E-03 -0.1366E-04
  0.478866515E+00 -0.3819E-02 -0.7233E-05
  0.487641125E+00 -0.9522E-02  0.3423E-05
  0.494562944E+00 -0.1872E-01  0.2074E-04
  0.501110423E+00 -0.3449E-01  0.5041E-04
  0.507921399E+00 -0.6269E-01  0.1033E-03
  0.515524963E+00 -0.1147E+00  0.2006E-03
  0.524335799E+00 -0.2101E+00  0.3771E-03
  0.537259739E+00 -0.4198E+00  0.7735E-03
  0.543652190E+00 -0.5687E+00  0.1031E-02
  0.554535622E+00 -0.8221E+00  0.1564E-02
  0.556354893E+00 -0.8514E+00  0.1664E-02
  0.557786187E+00 -0.8665E+00  0.1746E-02
  0.559222657E+00 -0.8757E+00  0.1830E-02
  0.561003677E+00 -0.8820E+00  0.1937E-02
  0.564633922E+00 -0.8879E+00  0.2164E-02
  0.594627295E+00 -0.9093E+00  0.4548E-02
  0.627706435E+00 -0.9256E+00  0.8220E-02
  0.660088397E+00 -0.9381E+00  0.1287E-01
  0.693287003E+00 -0.9483E+00  0.1873E-01
  0.726293242E+00 -0.9569E+00  0.2565E-01
  0.759760998E+00 -0.9644E+00  0.3378E-01
  0.793240843E+00 -0.9710E+00  0.4303E-01
  0.827092059E+00 -0.9769E+00  0.5353E-01
  0.861068721E+00 -0.9823E+00  0.6521E-01
  0.895399704E+00 -0.9872E+00  0.7819E-01
  0.929934632E+00 -0.9918E+00  0.9244E-01
  0.964834232E+00 -0.9960E+00  0.1080E+00
  0.100000000E+01 -0.1000E+01  0.1250E+00
t= 0.240000E+03, nstep= 396, cpu=     1.2
  0.000000000E+00  0.0000E+00  0.0000E+00
  0.317421998E+00  0.6483E-05 -0.4826E-05
  0.486234560E+00 -0.3750E-04 -0.7371E-05
  0.492121318E+00 -0.2490E-02 -0.6984E-05
  0.495508022E+00 -0.7618E-02 -0.6032E-05
  0.498582213E+00 -0.1987E-01 -0.3721E-05
  0.501751636E+00 -0.5018E-01  0.1992E-05
  0.505353271E+00 -0.1256E+00  0.1622E-04
  0.508884957E+00 -0.2651E+00  0.4140E-04
  0.510235321E+00 -0.3575E+00  0.5427E-04
  0.517083705E+00 -0.7877E+00  0.1475E-03
  0.517912178E+00 -0.8112E+00  0.1620E-03
  0.518991346E+00 -0.8222E+00  0.1819E-03
  0.531928174E+00 -0.8519E+00  0.5117E-03
  0.559534037E+00 -0.8847E+00  0.1775E-02
  0.585291639E+00 -0.9042E+00  0.3640E-02
  0.612398792E+00 -0.9190E+00  0.6319E-02
  0.638989368E+00 -0.9306E+00  0.9662E-02
  0.666092249E+00 -0.9402E+00  0.1380E-01
  0.693015021E+00 -0.9484E+00  0.1863E-01
  0.720254824E+00 -0.9555E+00  0.2426E-01
  0.747453979E+00 -0.9619E+00  0.3062E-01
  0.774906563E+00 -0.9675E+00  0.3779E-01
  0.802396588E+00 -0.9727E+00  0.4572E-01
  0.830120248E+00 -0.9775E+00  0.5449E-01
  0.857934542E+00 -0.9819E+00  0.6406E-01
  0.885981199E+00 -0.9860E+00  0.7449E-01
  0.914159615E+00 -0.9898E+00  0.8577E-01
  0.942578110E+00 -0.9934E+00  0.9794E-01
  0.971162796E+00 -0.9968E+00  0.1110E+00
  0.100000000E+01 -0.1000E+01  0.1250E+00
t= 0.340000E+03, nstep= 438, cpu=     1.4
  0.000000000E+00  0.0000E+00  0.0000E+00
  0.322748857E+00  0.1326E-06 -0.9933E-06
  0.494327404E+00 -0.7647E-06 -0.1521E-05
  0.496779919E+00 -0.1066E-02 -0.1508E-05
  0.498120189E+00 -0.4513E-02 -0.1443E-05
  0.499322809E+00 -0.1544E-01 -0.1236E-05
  0.500551795E+00 -0.4978E-01 -0.5915E-06
  0.502071821E+00 -0.1640E+00  0.1573E-05
  0.502653456E+00 -0.2765E+00  0.2958E-05
  0.505338679E+00 -0.7484E+00  0.1372E-04
  0.505830981E+00 -0.7690E+00  0.1648E-04
  0.522363589E+00 -0.8336E+00  0.2498E-03
  0.546869149E+00 -0.8720E+00  0.1098E-02
  0.571069635E+00 -0.8944E+00  0.2526E-02
  0.595666156E+00 -0.9104E+00  0.4576E-02
  0.620169868E+00 -0.9227E+00  0.7221E-02
  0.644829155E+00 -0.9328E+00  0.1049E-01
  0.669483945E+00 -0.9413E+00  0.1436E-01
  0.694257343E+00 -0.9487E+00  0.1887E-01
  0.719072041E+00 -0.9552E+00  0.2400E-01
  0.744003357E+00 -0.9611E+00  0.2977E-01
  0.769007624E+00 -0.9664E+00  0.3618E-01
  0.794137161E+00 -0.9712E+00  0.4326E-01
  0.819365308E+00 -0.9757E+00  0.5100E-01
  0.844731562E+00 -0.9798E+00  0.5942E-01
  0.870219018E+00 -0.9837E+00  0.6853E-01
  0.895859263E+00 -0.9873E+00  0.7835E-01
  0.921641471E+00 -0.9908E+00  0.8889E-01
  0.947591969E+00 -0.9940E+00  0.1002E+00
  0.973703937E+00 -0.9971E+00  0.1122E+00
  0.100000000E+01 -0.1000E+01  0.1250E+00
t= 0.440000E+03, nstep= 477, cpu=     1.5
  0.000000000E+00  0.0000E+00  0.0000E+00
  0.324558699E+00 -0.1803E-06 -0.6617E-05
  0.497099317E+00  0.1039E-05 -0.1013E-04
  0.498678030E+00 -0.2095E-03 -0.1017E-04
  0.499308132E+00 -0.2664E-02 -0.1017E-04
  0.499800432E+00 -0.1569E-01 -0.1016E-04
  0.500247398E+00 -0.6805E-01 -0.1008E-04
  0.501025057E+00 -0.3216E+00 -0.9572E-05
  0.501256829E+00 -0.4975E+00 -0.9305E-05
  0.501731596E+00 -0.7389E+00 -0.8590E-05
  0.521450531E+00 -0.8315E+00  0.2207E-03
  0.544944164E+00 -0.8698E+00  0.1001E-02
  0.568131861E+00 -0.8921E+00  0.2313E-02
  0.591508299E+00 -0.9080E+00  0.4179E-02
  0.614845574E+00 -0.9202E+00  0.6588E-02
  0.638277000E+00 -0.9303E+00  0.9554E-02
  0.661724650E+00 -0.9388E+00  0.1307E-01
  0.685256570E+00 -0.9461E+00  0.1715E-01
  0.708835640E+00 -0.9526E+00  0.2180E-01
  0.732504921E+00 -0.9585E+00  0.2703E-01
  0.756244526E+00 -0.9637E+00  0.3283E-01
  0.780085386E+00 -0.9686E+00  0.3922E-01
  0.804016443E+00 -0.9730E+00  0.4621E-01
  0.828061818E+00 -0.9771E+00  0.5381E-01
  0.852215533E+00 -0.9810E+00  0.6203E-01
  0.876497478E+00 -0.9846E+00  0.7087E-01
  0.900904830E+00 -0.9880E+00  0.8036E-01
  0.925454639E+00 -0.9912E+00  0.9050E-01
  0.950146149E+00 -0.9943E+00  0.1013E+00
  0.974994388E+00 -0.9972E+00  0.1128E+00
  0.100000000E+01 -0.1000E+01  0.1250E+00
t= 0.540000E+03, nstep= 488, cpu=     1.6
  0.000000000E+00  0.0000E+00  0.0000E+00
  0.325070475E+00 -0.2404E-08 -0.2399E-05
  0.497883070E+00  0.1385E-07 -0.3674E-05
  0.499443978E+00  0.9793E-06 -0.3685E-05
  0.499740414E+00 -0.1622E-02 -0.3687E-05
  0.499915783E+00 -0.1416E-01 -0.3686E-05
  0.500062486E+00 -0.6812E-01 -0.3678E-05
  0.500324945E+00 -0.3501E+00 -0.3622E-05
  0.500404837E+00 -0.5435E+00 -0.3592E-05
  0.500549288E+00 -0.7330E+00 -0.3520E-05
  0.523740509E+00 -0.8365E+00  0.2785E-03
  0.546930430E+00 -0.8721E+00  0.1098E-02
  0.570138350E+00 -0.8936E+00  0.2457E-02
  0.593369826E+00 -0.9090E+00  0.4357E-02
  0.616635116E+00 -0.9211E+00  0.6800E-02
  0.639941514E+00 -0.9309E+00  0.9790E-02
  0.663297937E+00 -0.9393E+00  0.1333E-01
  0.686712108E+00 -0.9466E+00  0.1743E-01
  0.710192524E+00 -0.9530E+00  0.2209E-01
  0.733747014E+00 -0.9587E+00  0.2732E-01
  0.757383839E+00 -0.9640E+00  0.3312E-01
  0.781110815E+00 -0.9688E+00  0.3951E-01
  0.804936015E+00 -0.9732E+00  0.4649E-01
  0.828867186E+00 -0.9773E+00  0.5408E-01
  0.852912230E+00 -0.9811E+00  0.6227E-01
  0.877078783E+00 -0.9847E+00  0.7109E-01
  0.901374576E+00 -0.9881E+00  0.8055E-01
  0.925807117E+00 -0.9913E+00  0.9066E-01
  0.950383960E+00 -0.9943E+00  0.1014E+00
  0.975112462E+00 -0.9972E+00  0.1129E+00
  0.100000000E+01 -0.1000E+01  0.1250E+00
