t= 0.000000E+00, nstep=   0, cpu=      .0
 -0.100000000E+01  0.1000E+01
 -0.550000000E+00  0.1000E+01
 -0.100000000E+00  0.1000E+01
 -0.810000000E-01  0.1000E+01
 -0.620000000E-01  0.1000E+01
 -0.430000000E-01  0.1000E+01
 -0.240000000E-01  0.1000E+01
 -0.500000000E-02  0.1000E+01
 -0.450000000E-02  0.9500E+00
 -0.400000000E-02  0.9000E+00
 -0.350000000E-02  0.8500E+00
 -0.300000000E-02  0.8000E+00
 -0.250000000E-02  0.7500E+00
 -0.200000000E-02  0.7000E+00
 -0.150000000E-02  0.6500E+00
 -0.100000000E-02  0.6000E+00
 -0.500000000E-03  0.5500E+00
  0.000000000E+00  0.5000E+00
  0.500000000E-03  0.4500E+00
  0.100000000E-02  0.4000E+00
  0.150000000E-02  0.3500E+00
  0.200000000E-02  0.3000E+00
  0.250000000E-02  0.2500E+00
  0.300000000E-02  0.2000E+00
  0.350000000E-02  0.1500E+00
  0.400000000E-02  0.1000E+00
  0.450000000E-02  0.5000E-01
  0.500000000E-02  0.0000E+00
  0.145000000E-01  0.0000E+00
  0.240000000E-01  0.0000E+00
  0.335000000E-01  0.0000E+00
  0.430000000E-01  0.0000E+00
  0.525000000E-01  0.0000E+00
  0.620000000E-01  0.0000E+00
  0.715000000E-01  0.0000E+00
  0.810000000E-01  0.0000E+00
  0.905000000E-01  0.0000E+00
  0.100000000E+00  0.0000E+00
  0.190000000E+00  0.0000E+00
  0.280000000E+00  0.0000E+00
  0.370000000E+00  0.0000E+00
  0.460000000E+00  0.0000E+00
  0.550000000E+00  0.0000E+00
  0.640000000E+00  0.0000E+00
  0.730000000E+00  0.0000E+00
  0.820000000E+00  0.0000E+00
  0.910000000E+00  0.0000E+00
  0.100000000E+01  0.0000E+00
t= 0.100000E-01, nstep=  23, cpu=      .1
 -0.100000000E+01  0.1000E+01
 -0.549003585E+00  0.1000E+01
 -0.980071709E-01  0.1000E+01
 -0.789651013E-01  0.1000E+01
 -0.599230653E-01  0.1000E+01
 -0.408820018E-01  0.9999E+00
 -0.218676632E-01  0.1001E+01
 -0.354336554E-02  0.9974E+00
  0.104584662E-04  0.9510E+00
  0.152974426E-02  0.9013E+00
  0.256673821E-02  0.8513E+00
  0.340464200E-02  0.8012E+00
  0.414483038E-02  0.7511E+00
  0.483807067E-02  0.7011E+00
  0.551570376E-02  0.6510E+00
  0.619924795E-02  0.6009E+00
  0.690205537E-02  0.5508E+00
  0.762643332E-02  0.5007E+00
  0.836027071E-02  0.4506E+00
  0.908090472E-02  0.4005E+00
  0.976829805E-02  0.3504E+00
  0.104160874E-01  0.3003E+00
  0.110326849E-01  0.2502E+00
  0.116384701E-01  0.2002E+00
  0.122676864E-01  0.1501E+00
  0.129853034E-01  0.1000E+00
  0.139667478E-01  0.5021E-01
  0.161614352E-01  0.3154E-02
  0.246865288E-01 -0.1868E-03
  0.340862964E-01 -0.1065E-04
  0.434881122E-01  0.1541E-06
  0.528899362E-01  0.6292E-07
  0.622917602E-01  0.5575E-08
  0.716935843E-01  0.2866E-09
  0.810954083E-01  0.3086E-11
  0.904972324E-01 -0.1295E-11
  0.998990564E-01 -0.1903E-12
  0.109300880E+00 -0.6653E-14
  0.198370792E+00  0.1756E-14
  0.287440704E+00 -0.4622E-15
  0.376510616E+00  0.1213E-15
  0.465580528E+00 -0.3177E-16
  0.554650440E+00  0.8303E-17
  0.643720352E+00 -0.2166E-17
  0.732790264E+00  0.5638E-18
  0.821860176E+00 -0.1460E-18
  0.910930088E+00  0.3551E-19
  0.100000000E+01  0.0000E+00
t= 0.200000E-01, nstep=  25, cpu=      .1
 -0.100000000E+01  0.1000E+01
 -0.545907254E+00  0.1000E+01
 -0.918145075E-01  0.1000E+01
 -0.726417086E-01  0.1000E+01
 -0.534690647E-01  0.1000E+01
 -0.343003172E-01  0.9998E+00
 -0.152260584E-01  0.1001E+01
  0.165557968E-02  0.9959E+00
  0.583370112E-02  0.9524E+00
  0.775179735E-02  0.9030E+00
  0.906646872E-02  0.8529E+00
  0.101405401E-01  0.8027E+00
  0.111075440E-01  0.7525E+00
  0.120379281E-01  0.7022E+00
  0.129788355E-01  0.6520E+00
  0.139631709E-01  0.6017E+00
  0.150012665E-01  0.5515E+00
  0.160622511E-01  0.5012E+00
  0.170782792E-01  0.4510E+00
  0.179947739E-01  0.4007E+00
  0.188038523E-01  0.3504E+00
  0.195257511E-01  0.3002E+00
  0.201892308E-01  0.2499E+00
  0.208271847E-01  0.1996E+00
  0.214813811E-01  0.1493E+00
  0.222221405E-01  0.9915E-01
  0.232296343E-01  0.4942E-01
  0.253277839E-01  0.4618E-02
  0.314617744E-01 -0.5028E-03
  0.407733144E-01  0.2733E-04
  0.501099874E-01  0.3056E-05
  0.594467223E-01  0.3936E-07
  0.687834581E-01 -0.1262E-07
  0.781201938E-01 -0.1394E-08
  0.874569296E-01 -0.7525E-10
  0.967936654E-01 -0.3973E-12
  0.106130401E+00  0.4073E-12
  0.115467137E+00  0.1997E-13
  0.203920423E+00 -0.5216E-14
  0.292373710E+00  0.1359E-14
  0.380826996E+00 -0.3529E-15
  0.469280282E+00  0.9153E-16
  0.557733568E+00 -0.2371E-16
  0.646186855E+00  0.6137E-17
  0.734640141E+00 -0.1588E-17
  0.823093427E+00  0.4094E-18
  0.911546714E+00 -0.9938E-19
  0.100000000E+01  0.0000E+00
t= 0.300000E-01, nstep=  26, cpu=      .1
 -0.100000000E+01  0.1000E+01
 -0.542267368E+00  0.1000E+01
 -0.845347369E-01  0.1000E+01
 -0.652082597E-01  0.1000E+01
 -0.458820775E-01  0.1000E+01
 -0.265629481E-01  0.9998E+00
 -0.741111310E-02  0.1001E+01
  0.762561614E-02  0.9947E+00
  0.121979651E-01  0.9537E+00
  0.144528901E-01  0.9046E+00
  0.160109468E-01  0.8546E+00
  0.172989442E-01  0.8044E+00
  0.184799728E-01  0.7540E+00
  0.196455271E-01  0.7037E+00
  0.208615390E-01  0.6533E+00
  0.221697426E-01  0.6029E+00
  0.235508883E-01  0.5526E+00
  0.248949121E-01  0.5022E+00
  0.260843735E-01  0.4519E+00
  0.270894403E-01  0.4015E+00
  0.279412163E-01  0.3511E+00
  0.286836403E-01  0.3007E+00
  0.293574445E-01  0.2502E+00
  0.300008919E-01  0.1997E+00
  0.306579823E-01  0.1493E+00
  0.313994749E-01  0.9894E-01
  0.324002525E-01  0.4929E-01
  0.343302554E-01  0.6296E-02
  0.376117679E-01  0.4450E-04
  0.468559005E-01  0.1051E-03
  0.561325337E-01 -0.8323E-06
  0.654100697E-01 -0.4583E-06
  0.746876082E-01 -0.2019E-07
  0.839651467E-01  0.6389E-09
  0.932426852E-01  0.1522E-09
  0.102520224E+00  0.1184E-10
  0.111797762E+00  0.4881E-12
  0.121075301E+00 -0.1312E-14
  0.208967771E+00  0.1067E-16
  0.296860241E+00  0.7877E-16
  0.384752710E+00 -0.4005E-16
  0.472645180E+00  0.1496E-16
  0.560537650E+00 -0.4904E-17
  0.648430120E+00  0.1489E-17
  0.736322590E+00 -0.4286E-18
  0.824215060E+00  0.1179E-18
  0.912107530E+00 -0.2949E-19
  0.100000000E+01  0.0000E+00
t= 0.400000E-01, nstep=  29, cpu=      .1
 -0.100000000E+01  0.1000E+01
 -0.538339914E+00  0.1000E+01
 -0.766798275E-01  0.1000E+01
 -0.571875293E-01  0.1000E+01
 -0.376956347E-01  0.1000E+01
 -0.182130813E-01  0.9998E+00
  0.104942572E-02  0.1001E+01
  0.141240707E-01  0.9936E+00
  0.189495371E-01  0.9548E+00
  0.214919961E-01  0.9062E+00
  0.232661640E-01  0.8563E+00
  0.247490728E-01  0.8061E+00
  0.261315764E-01  0.7557E+00
  0.275279120E-01  0.7053E+00
  0.290251075E-01  0.6550E+00
  0.306642028E-01  0.6046E+00
  0.323549830E-01  0.5542E+00
  0.338897174E-01  0.5039E+00
  0.351607110E-01  0.4535E+00
  0.361969785E-01  0.4031E+00
  0.370617253E-01  0.3526E+00
  0.378103235E-01  0.3020E+00
  0.384872514E-01  0.2514E+00
  0.391320272E-01  0.2008E+00
  0.397888800E-01  0.1501E+00
  0.405275460E-01  0.9968E-01
  0.415147578E-01  0.5013E-01
  0.432854927E-01  0.8571E-02
  0.450257839E-01  0.1492E-02
  0.540459514E-01  0.5060E-04
  0.632517549E-01 -0.2439E-04
  0.724592628E-01 -0.2758E-07
  0.816668249E-01  0.1122E-06
  0.908743871E-01  0.5464E-08
  0.100081949E+00 -0.1486E-09
  0.109289511E+00 -0.3568E-10
  0.118497074E+00 -0.2336E-11
  0.127704636E+00 -0.2139E-13
  0.214934172E+00  0.6710E-14
  0.302163709E+00 -0.2024E-14
  0.389393245E+00  0.5922E-15
  0.476622781E+00 -0.1691E-15
  0.563852318E+00  0.4732E-16
  0.651081854E+00 -0.1300E-16
  0.738311391E+00  0.3515E-17
  0.825540927E+00 -0.9322E-18
  0.912770464E+00  0.2295E-18
  0.100000000E+01  0.0000E+00
t= 0.500000E-01, nstep=  32, cpu=      .1
 -0.100000000E+01  0.1000E+01
 -0.534299174E+00  0.1000E+01
 -0.685983476E-01  0.1000E+01
 -0.489354434E-01  0.1000E+01
 -0.292730069E-01  0.1000E+01
 -0.962099081E-02  0.9998E+00
  0.979129595E-02  0.1001E+01
  0.209942124E-01  0.9927E+00
  0.259769866E-01  0.9557E+00
  0.287683102E-01  0.9076E+00
  0.307371291E-01  0.8578E+00
  0.323995522E-01  0.8076E+00
  0.339727513E-01  0.7572E+00
  0.355950452E-01  0.7069E+00
  0.373747713E-01  0.6565E+00
  0.393342532E-01  0.6062E+00
  0.412753440E-01  0.5558E+00
  0.429277332E-01  0.5055E+00
  0.442429561E-01  0.4552E+00
  0.452983502E-01  0.4047E+00
  0.461735902E-01  0.3541E+00
  0.469290021E-01  0.3033E+00
  0.476107999E-01  0.2525E+00
  0.482592595E-01  0.2016E+00
  0.489189731E-01  0.1508E+00
  0.496595236E-01  0.1002E+00
  0.506433353E-01  0.5065E-01
  0.523233191E-01  0.1023E-01
  0.538441452E-01  0.2506E-02
  0.620340243E-01 -0.3109E-03
  0.711549352E-01 -0.2181E-04
  0.802846581E-01  0.6275E-05
  0.894145354E-01 -0.2566E-07
  0.985444160E-01 -0.3198E-07
  0.107674297E+00 -0.1048E-08
  0.116804177E+00  0.8942E-10
  0.125934058E+00  0.1039E-10
  0.135063939E+00  0.1503E-12
  0.221557545E+00 -0.4433E-13
  0.308051151E+00  0.1281E-13
  0.394544757E+00 -0.3638E-14
  0.481038363E+00  0.1017E-14
  0.567531969E+00 -0.2803E-15
  0.654025575E+00  0.7619E-16
  0.740519182E+00 -0.2044E-16
  0.827012788E+00  0.5398E-17
  0.913506394E+00 -0.1326E-17
  0.100000000E+01  0.0000E+00
t= 0.100000E+00, nstep=  39, cpu=      .1
 -0.100000000E+01  0.1000E+01
 -0.514446480E+00  0.1000E+01
 -0.288929607E-01  0.1000E+01
 -0.839183397E-02  0.1000E+01
  0.121087837E-01  0.1000E+01
  0.325965070E-01  0.1000E+01
  0.526493316E-01  0.9984E+00
  0.585522243E-01  0.9883E+00
  0.635987057E-01  0.9573E+00
  0.671947091E-01  0.9120E+00
  0.698921969E-01  0.8635E+00
  0.722695851E-01  0.8141E+00
  0.746523506E-01  0.7645E+00
  0.773088191E-01  0.7151E+00
  0.804236959E-01  0.6657E+00
  0.836315426E-01  0.6161E+00
  0.861938518E-01  0.5668E+00
  0.880822369E-01  0.5171E+00
  0.895124289E-01  0.4667E+00
  0.906397581E-01  0.4157E+00
  0.915647159E-01  0.3641E+00
  0.923555609E-01  0.3122E+00
  0.930627429E-01  0.2600E+00
  0.937290424E-01  0.2077E+00
  0.944000294E-01  0.1555E+00
  0.951426202E-01  0.1037E+00
  0.960923164E-01  0.5402E-01
  0.974286689E-01  0.1687E-01
  0.984591499E-01  0.6703E-02
  0.999771324E-01  0.1689E-02
  0.108269599E+00 -0.5900E-04
  0.117009987E+00 -0.9679E-04
  0.125773204E+00  0.2095E-04
  0.134538486E+00 -0.6889E-06
  0.143303821E+00 -0.2809E-06
  0.152069156E+00  0.3465E-07
  0.160834492E+00 -0.2759E-09
  0.169599827E+00 -0.4782E-10
  0.252639844E+00  0.1362E-10
  0.335679862E+00 -0.3826E-11
  0.418719879E+00  0.1061E-11
  0.501759896E+00 -0.2909E-12
  0.584799913E+00  0.7886E-13
  0.667839931E+00 -0.2115E-13
  0.750879948E+00  0.5615E-14
  0.833919965E+00 -0.1470E-14
  0.916959983E+00  0.3593E-15
  0.100000000E+01  0.0000E+00
t= 0.200000E+00, nstep=  51, cpu=      .1
 -0.100000000E+01  0.1000E+01
 -0.474059157E+00  0.1000E+01
  0.518816859E-01  0.1000E+01
  0.740879432E-01  0.1000E+01
  0.962899399E-01  0.9999E+00
  0.118354768E+00  0.1001E+01
  0.133765663E+00  0.9942E+00
  0.138804519E+00  0.9842E+00
  0.143872589E+00  0.9600E+00
  0.148241885E+00  0.9211E+00
  0.151782587E+00  0.8770E+00
  0.155009464E+00  0.8314E+00
  0.158362935E+00  0.7858E+00
  0.162298844E+00  0.7408E+00
  0.167180546E+00  0.6953E+00
  0.171779652E+00  0.6501E+00
  0.175098811E+00  0.6044E+00
  0.177523489E+00  0.5562E+00
  0.179345827E+00  0.5054E+00
  0.180754913E+00  0.4524E+00
  0.181880282E+00  0.3977E+00
  0.182813420E+00  0.3419E+00
  0.183621755E+00  0.2854E+00
  0.184359600E+00  0.2284E+00
  0.185079049E+00  0.1716E+00
  0.185845255E+00  0.1156E+00
  0.186754715E+00  0.6348E-01
  0.187802930E+00  0.2718E-01
  0.188590094E+00  0.1366E-01
  0.189402293E+00  0.6493E-02
  0.190527444E+00  0.2150E-02
  0.195639854E+00 -0.6361E-03
  0.203462966E+00  0.1636E-03
  0.211437138E+00  0.2936E-04
  0.219421999E+00 -0.2350E-04
  0.227408406E+00  0.3419E-05
  0.235394930E+00  0.1097E-05
  0.243381458E+00 -0.2773E-06
  0.319043312E+00  0.1000E-06
  0.394705166E+00 -0.3425E-07
  0.470367021E+00  0.1121E-07
  0.546028875E+00 -0.3522E-08
  0.621690729E+00  0.1065E-08
  0.697352583E+00 -0.3106E-09
  0.773014437E+00  0.8750E-10
  0.848676292E+00 -0.2377E-10
  0.924338146E+00  0.5899E-11
  0.100000000E+01  0.0000E+00
t= 0.300000E+00, nstep=  61, cpu=      .2
 -0.100000000E+01  0.1000E+01
 -0.432250120E+00  0.1000E+01
  0.135499759E+00  0.1000E+01
  0.159471255E+00  0.1000E+01
  0.183437119E+00  0.1000E+01
  0.207220312E+00  0.9994E+00
  0.217335105E+00  0.9923E+00
  0.221955320E+00  0.9829E+00
  0.226822389E+00  0.9632E+00
  0.231434237E+00  0.9308E+00
  0.235367527E+00  0.8922E+00
  0.238952668E+00  0.8517E+00
  0.242594814E+00  0.8113E+00
  0.246735495E+00  0.7720E+00
  0.252102318E+00  0.7320E+00
  0.257845848E+00  0.6923E+00
  0.262299535E+00  0.6520E+00
  0.265673054E+00  0.6071E+00
  0.268220672E+00  0.5571E+00
  0.270155676E+00  0.5027E+00
  0.271651078E+00  0.4447E+00
  0.272840911E+00  0.3842E+00
  0.273826494E+00  0.3219E+00
  0.274686250E+00  0.2587E+00
  0.275487417E+00  0.1953E+00
  0.276299521E+00  0.1331E+00
  0.277194825E+00  0.7653E-01
  0.278110354E+00  0.3813E-01
  0.278788365E+00  0.2162E-01
  0.279425675E+00  0.1232E-01
  0.280112168E+00  0.6554E-02
  0.281042872E+00  0.2667E-02
  0.284129223E+00 -0.1461E-03
  0.291060027E+00  0.2434E-03
  0.298209110E+00 -0.4493E-04
  0.305386286E+00 -0.1889E-04
  0.312566312E+00  0.1073E-04
  0.319746734E+00  0.6076E-06
  0.387772060E+00 -0.4367E-06
  0.455797386E+00  0.1892E-06
  0.523822713E+00 -0.6122E-07
  0.591848040E+00  0.1450E-07
  0.659873366E+00 -0.1728E-08
  0.727898693E+00 -0.5135E-09
  0.795924020E+00  0.4487E-09
  0.863949347E+00 -0.1919E-09
  0.931974673E+00  0.5811E-10
  0.100000000E+01  0.0000E+00
t= 0.400000E+00, nstep=  69, cpu=      .2
 -0.100000000E+01  0.1000E+01
 -0.390809478E+00  0.1000E+01
  0.218381033E+00  0.1000E+01
  0.244100779E+00  0.9999E+00
  0.269780136E+00  0.1000E+01
  0.294379243E+00  0.9979E+00
  0.302108914E+00  0.9914E+00
  0.306483708E+00  0.9830E+00
  0.311128467E+00  0.9668E+00
  0.315731703E+00  0.9401E+00
  0.319793071E+00  0.9072E+00
  0.323456670E+00  0.8721E+00
  0.327026596E+00  0.8370E+00
  0.330819620E+00  0.8032E+00
  0.335524600E+00  0.7692E+00
  0.341507991E+00  0.7347E+00
  0.347251434E+00  0.7006E+00
  0.352045864E+00  0.6617E+00
  0.355798771E+00  0.6158E+00
  0.358658864E+00  0.5628E+00
  0.360819958E+00  0.5032E+00
  0.362469169E+00  0.4383E+00
  0.363764600E+00  0.3695E+00
  0.364831112E+00  0.2984E+00
  0.365768269E+00  0.2265E+00
  0.366662483E+00  0.1559E+00
  0.367577366E+00  0.9275E-01
  0.368433140E+00  0.5046E-01
  0.369058522E+00  0.3068E-01
  0.369621927E+00  0.1908E-01
  0.370182499E+00  0.1168E-01
  0.370805249E+00  0.6661E-02
  0.371635362E+00  0.3071E-02
  0.373831424E+00  0.3282E-03
  0.379995923E+00  0.1502E-03
  0.386312685E+00 -0.6677E-04
  0.392654082E+00 -0.8285E-05
  0.398997719E+00  0.5428E-05
  0.459097931E+00 -0.1318E-05
  0.519198159E+00  0.1294E-06
  0.579298389E+00  0.8231E-07
  0.639398619E+00 -0.6876E-07
  0.699498849E+00  0.3502E-07
  0.759599079E+00 -0.1484E-07
  0.819699310E+00  0.5562E-08
  0.879799540E+00 -0.1844E-08
  0.939899770E+00  0.5080E-09
  0.100000000E+01  0.0000E+00
t= 0.500000E+00, nstep=  77, cpu=      .2
 -0.100000000E+01  0.1000E+01
 -0.349158044E+00  0.1000E+01
  0.301683818E+00  0.1000E+01
  0.329156008E+00  0.9998E+00
  0.356475193E+00  0.1001E+01
  0.380404993E+00  0.9971E+00
  0.387216275E+00  0.9915E+00
  0.391520274E+00  0.9843E+00
  0.396027661E+00  0.9710E+00
  0.400551638E+00  0.9495E+00
  0.404610714E+00  0.9222E+00
  0.408213316E+00  0.8925E+00
  0.411565797E+00  0.8627E+00
  0.414873571E+00  0.8342E+00
  0.418595540E+00  0.8057E+00
  0.423233847E+00  0.7769E+00
  0.428954053E+00  0.7482E+00
  0.435284950E+00  0.7164E+00
  0.440903141E+00  0.6783E+00
  0.445385899E+00  0.6313E+00
  0.448804141E+00  0.5745E+00
  0.451350739E+00  0.5080E+00
  0.453248938E+00  0.4333E+00
  0.454705272E+00  0.3528E+00
  0.455888739E+00  0.2694E+00
  0.456931135E+00  0.1869E+00
  0.457909456E+00  0.1139E+00
  0.458750401E+00  0.6556E-01
  0.459351262E+00  0.4173E-01
  0.459876022E+00  0.2733E-01
  0.460375682E+00  0.1793E-01
  0.460890127E+00  0.1147E-01
  0.461470371E+00  0.6852E-02
  0.462237501E+00  0.3417E-02
  0.463929891E+00  0.7342E-03
  0.469247574E+00  0.6842E-04
  0.474716886E+00 -0.6668E-04
  0.480202190E+00 -0.9073E-05
  0.532181817E+00  0.5738E-05
  0.584161594E+00 -0.2343E-05
  0.636141392E+00  0.7327E-06
  0.688121193E+00 -0.1916E-06
  0.740100994E+00  0.5034E-07
  0.792080795E+00 -0.1765E-07
  0.844060597E+00  0.7796E-08
  0.896040398E+00 -0.3195E-08
  0.948020199E+00  0.9968E-09
  0.100000000E+01  0.0000E+00
