t= 0.000000E+00, nstep=   0, cpu=      .0
 -0.100000000E+01  0.1000E+01
 -0.550000000E+00  0.1000E+01
 -0.100000000E+00  0.1000E+01
 -0.810000000E-01  0.1000E+01
 -0.620000000E-01  0.1000E+01
 -0.430000000E-01  0.1000E+01
 -0.240000000E-01  0.1000E+01
 -0.500000000E-02  0.1000E+01
 -0.450000000E-02  0.9500E+00
 -0.400000000E-02  0.9000E+00
 -0.350000000E-02  0.8500E+00
 -0.300000000E-02  0.8000E+00
 -0.250000000E-02  0.7500E+00
 -0.200000000E-02  0.7000E+00
 -0.150000000E-02  0.6500E+00
 -0.100000000E-02  0.6000E+00
 -0.500000000E-03  0.5500E+00
  0.000000000E+00  0.5000E+00
  0.500000000E-03  0.4500E+00
  0.100000000E-02  0.4000E+00
  0.150000000E-02  0.3500E+00
  0.200000000E-02  0.3000E+00
  0.250000000E-02  0.2500E+00
  0.300000000E-02  0.2000E+00
  0.350000000E-02  0.1500E+00
  0.400000000E-02  0.1000E+00
  0.450000000E-02  0.5000E-01
  0.500000000E-02  0.0000E+00
  0.145000000E-01  0.0000E+00
  0.240000000E-01  0.0000E+00
  0.335000000E-01  0.0000E+00
  0.430000000E-01  0.0000E+00
  0.525000000E-01  0.0000E+00
  0.620000000E-01  0.0000E+00
  0.715000000E-01  0.0000E+00
  0.810000000E-01  0.0000E+00
  0.905000000E-01  0.0000E+00
  0.100000000E+00  0.0000E+00
  0.190000000E+00  0.0000E+00
  0.280000000E+00  0.0000E+00
  0.370000000E+00  0.0000E+00
  0.460000000E+00  0.0000E+00
  0.550000000E+00  0.0000E+00
  0.640000000E+00  0.0000E+00
  0.730000000E+00  0.0000E+00
  0.820000000E+00  0.0000E+00
  0.910000000E+00  0.0000E+00
  0.100000000E+01  0.0000E+00
t= 0.100000E-01, nstep=  23, cpu=      .1
 -0.100000000E+01  0.1000E+01
 -0.548977710E+00  0.1000E+01
 -0.979554195E-01  0.1000E+01
 -0.789122572E-01  0.1000E+01
 -0.598691271E-01  0.1000E+01
 -0.408269319E-01  0.9999E+00
 -0.218106568E-01  0.1001E+01
 -0.347090693E-02  0.9974E+00
  0.268247843E-03  0.9509E+00
  0.193625385E-02  0.9012E+00
  0.313131629E-02  0.8513E+00
  0.415428976E-02  0.8012E+00
  0.512654493E-02  0.7512E+00
  0.612813276E-02  0.7012E+00
  0.723191029E-02  0.6511E+00
  0.849205687E-02  0.6011E+00
  0.985371734E-02  0.5511E+00
  0.111134560E-01  0.5011E+00
  0.121431606E-01  0.4510E+00
  0.129651807E-01  0.4010E+00
  0.136386671E-01  0.3509E+00
  0.142133844E-01  0.3007E+00
  0.147273625E-01  0.2506E+00
  0.152127715E-01  0.2004E+00
  0.157041531E-01  0.1503E+00
  0.162550687E-01  0.1002E+00
  0.170003406E-01  0.5026E-01
  0.186640691E-01  0.3039E-02
  0.269387476E-01 -0.3679E-03
  0.363093339E-01  0.6531E-06
  0.456895098E-01  0.1418E-05
  0.550696955E-01  0.9086E-07
  0.644498814E-01  0.1050E-08
  0.738300673E-01 -0.3620E-09
  0.832102532E-01 -0.4608E-10
  0.925904391E-01 -0.3470E-11
  0.101970625E+00 -0.1674E-12
  0.111350811E+00 -0.5849E-15
  0.200215730E+00  0.2353E-15
  0.289080649E+00 -0.8112E-16
  0.377945568E+00  0.2577E-16
  0.466810487E+00 -0.7771E-17
  0.555675405E+00  0.2257E-17
  0.644540324E+00 -0.6368E-18
  0.733405243E+00  0.1754E-18
  0.822270162E+00 -0.4712E-19
  0.911135081E+00  0.1169E-19
  0.100000000E+01  0.0000E+00
t= 0.200000E-01, nstep=  26, cpu=      .1
 -0.100000000E+01  0.1000E+01
 -0.545797572E+00  0.1000E+01
 -0.915951442E-01  0.1000E+01
 -0.724177136E-01  0.1000E+01
 -0.532404204E-01  0.1000E+01
 -0.340666572E-01  0.9998E+00
 -0.149808287E-01  0.1001E+01
  0.198580612E-02  0.9959E+00
  0.663445438E-02  0.9524E+00
  0.889528172E-02  0.9032E+00
  0.105516292E-01  0.8534E+00
  0.120251498E-01  0.8035E+00
  0.135180243E-01  0.7536E+00
  0.152188307E-01  0.7037E+00
  0.173540673E-01  0.6539E+00
  0.198847327E-01  0.6040E+00
  0.220278062E-01  0.5540E+00
  0.235428735E-01  0.5040E+00
  0.246530021E-01  0.4538E+00
  0.255052326E-01  0.4034E+00
  0.261933556E-01  0.3528E+00
  0.267764939E-01  0.3022E+00
  0.272958318E-01  0.2516E+00
  0.277849237E-01  0.2009E+00
  0.282791000E-01  0.1502E+00
  0.288324884E-01  0.9958E-01
  0.295788856E-01  0.4941E-01
  0.311301550E-01  0.4119E-02
  0.361466762E-01 -0.8209E-03
  0.453360002E-01  0.1308E-03
  0.546269083E-01 -0.2257E-05
  0.639192451E-01 -0.4835E-06
  0.732115828E-01 -0.1111E-07
  0.825039205E-01  0.1298E-08
  0.917962582E-01  0.1507E-09
  0.101088596E+00  0.7766E-11
  0.110380934E+00  0.6444E-13
  0.119673271E+00 -0.1105E-13
  0.207705944E+00  0.2772E-14
  0.295738617E+00 -0.6928E-15
  0.383771290E+00  0.1729E-15
  0.471803963E+00 -0.4315E-16
  0.559836636E+00  0.1079E-16
  0.647869309E+00 -0.2708E-17
  0.735901981E+00  0.6837E-18
  0.823934654E+00 -0.1732E-18
  0.911967327E+00  0.4163E-19
  0.100000000E+01  0.0000E+00
t= 0.300000E-01, nstep=  28, cpu=      .1
 -0.100000000E+01  0.1000E+01
 -0.542068160E+00  0.1000E+01
 -0.841363207E-01  0.1000E+01
 -0.648014305E-01  0.1000E+01
 -0.454667891E-01  0.1000E+01
 -0.261382530E-01  0.9998E+00
 -0.695949601E-02  0.1001E+01
  0.836945314E-02  0.9948E+00
  0.135986290E-01  0.9542E+00
  0.163447941E-01  0.9060E+00
  0.183955268E-01  0.8569E+00
  0.202774848E-01  0.8076E+00
  0.222933176E-01  0.7584E+00
  0.248266330E-01  0.7093E+00
  0.283546007E-01  0.6602E+00
  0.319260803E-01  0.6109E+00
  0.342764051E-01  0.5613E+00
  0.358808937E-01  0.5111E+00
  0.370370359E-01  0.4605E+00
  0.379195226E-01  0.4095E+00
  0.386278728E-01  0.3583E+00
  0.392245785E-01  0.3069E+00
  0.397529638E-01  0.2554E+00
  0.402478836E-01  0.2039E+00
  0.407453101E-01  0.1524E+00
  0.412990388E-01  0.1010E+00
  0.420373720E-01  0.5031E-01
  0.434474988E-01  0.6268E-02
  0.452144078E-01  0.3570E-03
  0.542613153E-01  0.2859E-03
  0.634535729E-01 -0.4712E-04
  0.726589617E-01  0.1607E-05
  0.818645413E-01  0.1410E-06
  0.910701211E-01 -0.2968E-08
  0.100275701E+00 -0.6296E-09
  0.109481281E+00 -0.2391E-10
  0.118686860E+00  0.8172E-12
  0.127892440E+00  0.5969E-13
  0.215103196E+00 -0.1589E-13
  0.302313952E+00  0.4211E-14
  0.389524708E+00 -0.1110E-14
  0.476735464E+00  0.2917E-15
  0.563946220E+00 -0.7639E-16
  0.651156976E+00  0.1995E-16
  0.738367732E+00 -0.5195E-17
  0.825578488E+00  0.1345E-17
  0.912789244E+00 -0.3271E-18
  0.100000000E+01  0.0000E+00
t= 0.400000E-01, nstep=  32, cpu=      .1
 -0.100000000E+01  0.1000E+01
 -0.538096307E+00  0.1000E+01
 -0.761926141E-01  0.1000E+01
 -0.566900268E-01  0.1000E+01
 -0.371877686E-01  0.1000E+01
 -0.176933469E-01  0.9998E+00
  0.160903567E-02  0.1001E+01
  0.152883901E-01  0.9939E+00
  0.209053455E-01  0.9561E+00
  0.240589189E-01  0.9093E+00
  0.264491072E-01  0.8614E+00
  0.286924938E-01  0.8132E+00
  0.312025410E-01  0.7651E+00
  0.346332024E-01  0.7174E+00
  0.396185043E-01  0.6694E+00
  0.437700776E-01  0.6214E+00
  0.463346068E-01  0.5720E+00
  0.480715967E-01  0.5216E+00
  0.493167246E-01  0.4703E+00
  0.502579283E-01  0.4185E+00
  0.510057554E-01  0.3663E+00
  0.516297107E-01  0.3139E+00
  0.521774281E-01  0.2614E+00
  0.526864411E-01  0.2088E+00
  0.531943837E-01  0.1562E+00
  0.537558194E-01  0.1038E+00
  0.544961366E-01  0.5224E-01
  0.558211806E-01  0.8876E-02
  0.570295327E-01  0.2036E-02
  0.655280224E-01 -0.1186E-03
  0.745988043E-01 -0.1127E-03
  0.836922580E-01  0.2637E-04
  0.927882446E-01 -0.1854E-05
  0.101884299E+00 -0.3134E-07
  0.110980353E+00  0.6188E-08
  0.120076408E+00  0.3044E-09
  0.129172463E+00 -0.1505E-10
  0.138268517E+00 -0.7908E-12
  0.224441665E+00  0.2191E-12
  0.310614814E+00 -0.6013E-13
  0.396787962E+00  0.1636E-13
  0.482961110E+00 -0.4415E-14
  0.569134259E+00  0.1182E-14
  0.655307407E+00 -0.3143E-15
  0.741480555E+00  0.8297E-16
  0.827653703E+00 -0.2167E-16
  0.913826852E+00  0.5295E-17
  0.100000000E+01  0.0000E+00
t= 0.500000E-01, nstep=  35, cpu=      .1
 -0.100000000E+01  0.1000E+01
 -0.534037080E+00  0.1000E+01
 -0.680741605E-01  0.1000E+01
 -0.484001859E-01  0.1000E+01
 -0.287265888E-01  0.1000E+01
 -0.906169255E-02  0.9998E+00
  0.103929981E-01  0.1001E+01
  0.225545525E-01  0.9931E+00
  0.284272443E-01  0.9580E+00
  0.319235014E-01  0.9129E+00
  0.346027771E-01  0.8664E+00
  0.371524297E-01  0.8197E+00
  0.400843015E-01  0.7732E+00
  0.443210256E-01  0.7272E+00
  0.506839131E-01  0.6806E+00
  0.553798785E-01  0.6340E+00
  0.582721412E-01  0.5848E+00
  0.602116901E-01  0.5340E+00
  0.615817191E-01  0.4819E+00
  0.626015858E-01  0.4290E+00
  0.634003842E-01  0.3756E+00
  0.640583685E-01  0.3219E+00
  0.646294838E-01  0.2679E+00
  0.651550619E-01  0.2139E+00
  0.656750803E-01  0.1599E+00
  0.662454206E-01  0.1061E+00
  0.669897394E-01  0.5338E-01
  0.682556406E-01  0.1023E-01
  0.693561253E-01  0.2499E-02
  0.762750981E-01 -0.7616E-03
  0.851878760E-01  0.1200E-04
  0.941746948E-01  0.5098E-04
  0.103166155E+00 -0.1172E-04
  0.112158142E+00  0.9800E-06
  0.121150143E+00 -0.7245E-08
  0.130142145E+00 -0.2349E-08
  0.139134147E+00 -0.1011E-09
  0.148126148E+00  0.3996E-11
  0.233313534E+00 -0.1069E-11
  0.318500919E+00  0.2838E-12
  0.403688304E+00 -0.7486E-13
  0.488875689E+00  0.1964E-13
  0.574063074E+00 -0.5132E-14
  0.659250459E+00  0.1336E-14
  0.744437845E+00 -0.3469E-15
  0.829625230E+00  0.8951E-16
  0.914812615E+00 -0.2171E-16
  0.100000000E+01  0.0000E+00
t= 0.100000E+00, nstep=  45, cpu=      .1
 -0.100000000E+01  0.1000E+01
 -0.513921909E+00  0.1000E+01
 -0.278438177E-01  0.1000E+01
 -0.732053987E-02  0.1000E+01
  0.132023163E-01  0.1000E+01
  0.337163847E-01  0.1000E+01
  0.540101159E-01  0.9993E+00
  0.617007909E-01  0.9909E+00
  0.678579049E-01  0.9660E+00
  0.723600360E-01  0.9304E+00
  0.759024429E-01  0.8927E+00
  0.792509379E-01  0.8546E+00
  0.830135310E-01  0.8170E+00
  0.881803259E-01  0.7817E+00
  0.988185290E-01  0.7453E+00
  0.108216348E+00  0.7110E+00
  0.114661237E+00  0.6674E+00
  0.118829487E+00  0.6171E+00
  0.121538715E+00  0.5618E+00
  0.123357685E+00  0.5030E+00
  0.124642687E+00  0.4420E+00
  0.125605156E+00  0.3797E+00
  0.126372794E+00  0.3165E+00
  0.127028593E+00  0.2529E+00
  0.127636114E+00  0.1893E+00
  0.128262704E+00  0.1261E+00
  0.129020323E+00  0.6522E-01
  0.130053741E+00  0.1946E-01
  0.130817504E+00  0.7498E-02
  0.131793395E+00  0.2037E-02
  0.137723464E+00 -0.8474E-03
  0.146001683E+00  0.7632E-04
  0.154453103E+00  0.9903E-04
  0.162927104E+00 -0.3485E-04
  0.171404724E+00  0.1388E-06
  0.179882523E+00  0.2784E-05
  0.188360340E+00 -0.9238E-06
  0.196838159E+00  0.6350E-07
  0.277154343E+00 -0.1999E-07
  0.357470528E+00  0.6145E-08
  0.437786712E+00 -0.1845E-08
  0.518102896E+00  0.5417E-09
  0.598419080E+00 -0.1556E-09
  0.678735264E+00  0.4372E-10
  0.759051448E+00 -0.1202E-10
  0.839367632E+00  0.3225E-11
  0.919683816E+00 -0.7978E-12
  0.100000000E+01  0.0000E+00
t= 0.200000E+00, nstep=  61, cpu=      .2
 -0.100000000E+01  0.1000E+01
 -0.473955963E+00  0.1000E+01
  0.520880745E-01  0.1000E+01
  0.742987575E-01  0.1000E+01
  0.965074826E-01  0.9999E+00
  0.118657618E+00  0.1000E+01
  0.138696424E+00  0.9969E+00
  0.145054864E+00  0.9903E+00
  0.151182198E+00  0.9750E+00
  0.156443914E+00  0.9513E+00
  0.160685702E+00  0.9248E+00
  0.164487351E+00  0.8977E+00
  0.168266373E+00  0.8712E+00
  0.172266278E+00  0.8472E+00
  0.177265861E+00  0.8256E+00
  0.184594056E+00  0.8077E+00
  0.198585714E+00  0.7898E+00
  0.213237487E+00  0.7686E+00
  0.225552604E+00  0.7390E+00
  0.234981877E+00  0.6973E+00
  0.241471285E+00  0.6402E+00
  0.245533292E+00  0.5674E+00
  0.248011814E+00  0.4827E+00
  0.249606960E+00  0.3907E+00
  0.250745081E+00  0.2951E+00
  0.251676648E+00  0.1992E+00
  0.252576674E+00  0.1087E+00
  0.253479442E+00  0.4531E-01
  0.254089203E+00  0.2295E-01
  0.254665425E+00  0.1165E-01
  0.255310656E+00  0.5363E-02
  0.256315722E+00  0.1578E-02
  0.262362249E+00 -0.4110E-03
  0.269574850E+00 -0.1246E-03
  0.276936519E+00  0.1085E-03
  0.284329410E+00 -0.7380E-05
  0.291726686E+00 -0.1923E-04
  0.299124709E+00  0.1327E-05
  0.369212234E+00  0.1144E-06
  0.439299763E+00 -0.2165E-06
  0.509387293E+00  0.1141E-06
  0.579474822E+00 -0.4329E-07
  0.649562352E+00  0.1333E-07
  0.719649882E+00 -0.3436E-08
  0.789737411E+00  0.7440E-09
  0.859824941E+00 -0.1360E-09
  0.929912470E+00  0.2176E-10
  0.100000000E+01  0.0000E+00
t= 0.300000E+00, nstep=  76, cpu=      .2
 -0.100000000E+01  0.1000E+01
 -0.432643294E+00  0.1000E+01
  0.134713411E+00  0.1000E+01
  0.158668272E+00  0.1000E+01
  0.182618176E+00  0.9999E+00
  0.206439624E+00  0.1000E+01
  0.224966862E+00  0.9961E+00
  0.231176192E+00  0.9907E+00
  0.237286868E+00  0.9795E+00
  0.242901806E+00  0.9617E+00
  0.247550838E+00  0.9410E+00
  0.251615537E+00  0.9195E+00
  0.255422354E+00  0.8984E+00
  0.259050382E+00  0.8795E+00
  0.262795822E+00  0.8626E+00
  0.266709551E+00  0.8488E+00
  0.271988072E+00  0.8358E+00
  0.280619664E+00  0.8246E+00
  0.293303686E+00  0.8151E+00
  0.307768973E+00  0.8045E+00
  0.322828094E+00  0.7899E+00
  0.337700496E+00  0.7683E+00
  0.351316079E+00  0.7344E+00
  0.362302806E+00  0.6773E+00
  0.369590843E+00  0.5762E+00
  0.373517735E+00  0.4164E+00
  0.375550828E+00  0.2341E+00
  0.376729765E+00  0.1093E+00
  0.377370155E+00  0.6095E-01
  0.377896869E+00  0.3505E-01
  0.378394244E+00  0.1998E-01
  0.378920157E+00  0.1078E-01
  0.379560510E+00  0.5033E-02
  0.380668641E+00  0.1392E-02
  0.386384700E+00  0.2559E-04
  0.392576736E+00 -0.1773E-03
  0.398841625E+00 -0.1588E-04
  0.405119014E+00  0.1493E-04
  0.464606993E+00 -0.3076E-05
  0.524095095E+00  0.1990E-06
  0.583583207E+00  0.1820E-06
  0.643071320E+00 -0.1172E-06
  0.702559433E+00  0.4821E-07
  0.762047547E+00 -0.1633E-07
  0.821535660E+00  0.4839E-08
  0.881023773E+00 -0.1283E-08
  0.940511887E+00  0.2996E-09
  0.100000000E+01  0.0000E+00
t= 0.400000E+00, nstep= 104, cpu=      .3
 -0.100000000E+01  0.1000E+01
 -0.390940791E+00  0.1000E+01
  0.218118415E+00  0.1000E+01
  0.243833947E+00  0.1000E+01
  0.269542857E+00  0.1000E+01
  0.295092050E+00  0.1000E+01
  0.312474055E+00  0.9961E+00
  0.318663872E+00  0.9914E+00
  0.324740041E+00  0.9827E+00
  0.330507649E+00  0.9689E+00
  0.335401618E+00  0.9521E+00
  0.339628118E+00  0.9344E+00
  0.343442185E+00  0.9169E+00
  0.346867237E+00  0.9012E+00
  0.350109140E+00  0.8872E+00
  0.353108874E+00  0.8757E+00
  0.356435004E+00  0.8650E+00
  0.360300393E+00  0.8552E+00
  0.365219348E+00  0.8465E+00
  0.372289937E+00  0.8391E+00
  0.382026338E+00  0.8331E+00
  0.393931699E+00  0.8274E+00
  0.407731032E+00  0.8205E+00
  0.423434374E+00  0.8110E+00
  0.441174947E+00  0.7967E+00
  0.460484576E+00  0.7732E+00
  0.479735277E+00  0.7277E+00
  0.493492126E+00  0.6164E+00
  0.499434255E+00  0.3916E+00
  0.500918030E+00  0.2345E+00
  0.501769078E+00  0.1420E+00
  0.502404182E+00  0.8467E-01
  0.502970906E+00  0.4838E-01
  0.503544266E+00  0.2552E-01
  0.504188379E+00  0.1168E-01
  0.505004867E+00  0.4028E-02
  0.507129781E+00  0.2683E-03
  0.512259357E+00  0.2580E-04
  0.561032237E+00 -0.2007E-05
  0.609806349E+00 -0.9923E-06
  0.658580549E+00  0.6506E-06
  0.707354756E+00 -0.2305E-06
  0.756128963E+00  0.5901E-07
  0.804903171E+00 -0.1237E-07
  0.853677378E+00  0.2706E-08
  0.902451585E+00 -0.7478E-09
  0.951225793E+00  0.2055E-09
  0.100000000E+01  0.0000E+00
t= 0.500000E+00, nstep= 132, cpu=      .4
 -0.100000000E+01  0.1000E+01
 -0.348988970E+00  0.1000E+01
  0.302022055E+00  0.1000E+01
  0.329508845E+00  0.1000E+01
  0.356988387E+00  0.1000E+01
  0.384296345E+00  0.1000E+01
  0.401064430E+00  0.9961E+00
  0.407312807E+00  0.9920E+00
  0.413386601E+00  0.9847E+00
  0.419246979E+00  0.9733E+00
  0.424339795E+00  0.9591E+00
  0.428739771E+00  0.9437E+00
  0.432643383E+00  0.9285E+00
  0.436048580E+00  0.9147E+00
  0.439147354E+00  0.9025E+00
  0.441877917E+00  0.8924E+00
  0.444712477E+00  0.8830E+00
  0.447707482E+00  0.8744E+00
  0.451012915E+00  0.8666E+00
  0.454926394E+00  0.8594E+00
  0.460001534E+00  0.8528E+00
  0.466995501E+00  0.8474E+00
  0.476192927E+00  0.8429E+00
  0.487539287E+00  0.8388E+00
  0.501274381E+00  0.8340E+00
  0.517919481E+00  0.8275E+00
  0.537957135E+00  0.8180E+00
  0.559490457E+00  0.8035E+00
  0.580701373E+00  0.7809E+00
  0.600289491E+00  0.7413E+00
  0.615301879E+00  0.6602E+00
  0.623158076E+00  0.4803E+00
  0.625696573E+00  0.2819E+00
  0.626864166E+00  0.1558E+00
  0.627707082E+00  0.7962E-01
  0.628472934E+00  0.3653E-01
  0.629308119E+00  0.1398E-01
  0.630554847E+00  0.3048E-02
  0.650415334E+00 -0.2184E-02
  0.685062079E+00  0.1456E-02
  0.723597496E+00 -0.5778E-03
  0.762968937E+00  0.2366E-03
  0.802460015E+00 -0.8332E-04
  0.841966618E+00  0.2731E-04
  0.881474850E+00 -0.8065E-05
  0.920983226E+00  0.2149E-05
  0.960491613E+00 -0.4922E-06
  0.100000000E+01  0.0000E+00
