t= 0.000000E+00, nstep=   0, cpu=      .0
  0.000000000E+00  0.0000E+00
  0.250000000E-01  0.1957E-01
  0.500000000E-01  0.3872E-01
  0.750000000E-01  0.5707E-01
  0.100000000E+00  0.7423E-01
  0.125000000E+00  0.8984E-01
  0.150000000E+00  0.1036E+00
  0.175000000E+00  0.1152E+00
  0.200000000E+00  0.1245E+00
  0.225000000E+00  0.1312E+00
  0.250000000E+00  0.1354E+00
  0.275000000E+00  0.1368E+00
  0.300000000E+00  0.1356E+00
  0.325000000E+00  0.1317E+00
  0.350000000E+00  0.1255E+00
  0.375000000E+00  0.1169E+00
  0.400000000E+00  0.1063E+00
  0.425000000E+00  0.9402E-01
  0.450000000E+00  0.8029E-01
  0.475000000E+00  0.6549E-01
  0.500000000E+00  0.5000E-01
  0.525000000E+00  0.3420E-01
  0.550000000E+00  0.1848E-01
  0.575000000E+00  0.3219E-02
  0.600000000E+00 -0.1123E-01
  0.625000000E+00 -0.2452E-01
  0.650000000E+00 -0.3635E-01
  0.675000000E+00 -0.4647E-01
  0.700000000E+00 -0.5465E-01
  0.725000000E+00 -0.6075E-01
  0.750000000E+00 -0.6464E-01
  0.775000000E+00 -0.6630E-01
  0.800000000E+00 -0.6572E-01
  0.825000000E+00 -0.6298E-01
  0.850000000E+00 -0.5820E-01
  0.875000000E+00 -0.5158E-01
  0.900000000E+00 -0.4333E-01
  0.925000000E+00 -0.3373E-01
  0.950000000E+00 -0.2308E-01
  0.975000000E+00 -0.1172E-01
  0.100000000E+01  0.0000E+00
t= 0.200000E+00, nstep=  89, cpu=      .2
  0.000000000E+00  0.0000E+00
  0.620207804E-01  0.1892E-01
  0.123656063E+00  0.3758E-01
  0.184355061E+00  0.5565E-01
  0.243350665E+00  0.7277E-01
  0.299751609E+00  0.8849E-01
  0.352696206E+00  0.1024E+00
  0.401464141E+00  0.1143E+00
  0.445514320E+00  0.1238E+00
  0.484477453E+00  0.1307E+00
  0.518124817E+00  0.1351E+00
  0.546363630E+00  0.1367E+00
  0.568993290E+00  0.1357E+00
  0.586335164E+00  0.1322E+00
  0.593824029E+00  0.1285E+00
  0.594002101E+00  0.1267E+00
  0.594103183E+00  0.1235E+00
  0.594187115E+00  0.1174E+00
  0.594263552E+00  0.1068E+00
  0.594336488E+00  0.8982E-01
  0.594410570E+00  0.6460E-01
  0.594493785E+00  0.2993E-01
  0.594572486E+00 -0.1576E-02
  0.594644167E+00 -0.2368E-01
  0.594716279E+00 -0.3836E-01
  0.594791741E+00 -0.4729E-01
  0.594874123E+00 -0.5235E-01
  0.594970298E+00 -0.5504E-01
  0.595149662E+00 -0.5664E-01
  0.605885397E+00 -0.6129E-01
  0.622928361E+00 -0.6482E-01
  0.644908430E+00 -0.6627E-01
  0.671544131E+00 -0.6548E-01
  0.702586612E+00 -0.6252E-01
  0.737738135E+00 -0.5752E-01
  0.776545203E+00 -0.5067E-01
  0.818364815E+00 -0.4226E-01
  0.862386060E+00 -0.3262E-01
  0.907754953E+00 -0.2215E-01
  0.953768912E+00 -0.1118E-01
  0.100000000E+01  0.0000E+00
t= 0.400000E+00, nstep= 174, cpu=      .3
  0.000000000E+00  0.0000E+00
  0.919138998E-01  0.1741E-01
  0.183207460E+00  0.3464E-01
  0.272872432E+00  0.5142E-01
  0.359305141E+00  0.6737E-01
  0.440150514E+00  0.8199E-01
  0.513094188E+00  0.9485E-01
  0.573754711E+00  0.1051E+00
  0.622973636E+00  0.1132E+00
  0.650671995E+00  0.1175E+00
  0.662865813E+00  0.1190E+00
  0.663024521E+00  0.1187E+00
  0.663129762E+00  0.1181E+00
  0.663213889E+00  0.1169E+00
  0.663285443E+00  0.1151E+00
  0.663348467E+00  0.1122E+00
  0.663405765E+00  0.1079E+00
  0.663459707E+00  0.1019E+00
  0.663512764E+00  0.9343E-01
  0.663568360E+00  0.8111E-01
  0.663633706E+00  0.6198E-01
  0.663735826E+00  0.2567E-01
  0.663818114E+00 -0.2238E-02
  0.663877773E+00 -0.1829E-01
  0.663930880E+00 -0.2901E-01
  0.663982492E+00 -0.3653E-01
  0.664035403E+00 -0.4187E-01
  0.664091776E+00 -0.4563E-01
  0.664153783E+00 -0.4822E-01
  0.664224089E+00 -0.4992E-01
  0.664306597E+00 -0.5096E-01
  0.664409558E+00 -0.5154E-01
  0.664565147E+00 -0.5183E-01
  0.674404388E+00 -0.5082E-01
  0.698869267E+00 -0.4736E-01
  0.737198965E+00 -0.4169E-01
  0.783069918E+00 -0.3481E-01
  0.834651954E+00 -0.2672E-01
  0.888911949E+00 -0.1806E-01
  0.944299332E+00 -0.9081E-02
  0.100000000E+01  0.0000E+00
t= 0.600000E+00, nstep= 203, cpu=      .4
  0.000000000E+00  0.0000E+00
  0.108512714E+00  0.1491E-01
  0.216274977E+00  0.2969E-01
  0.321994638E+00  0.4412E-01
  0.423492066E+00  0.5787E-01
  0.517584693E+00  0.7052E-01
  0.600269343E+00  0.8146E-01
  0.667766330E+00  0.9025E-01
  0.714048634E+00  0.9644E-01
  0.728836597E+00  0.9805E-01
  0.729028513E+00  0.9778E-01
  0.729156045E+00  0.9725E-01
  0.729256510E+00  0.9636E-01
  0.729340711E+00  0.9502E-01
  0.729414356E+00  0.9309E-01
  0.729480976E+00  0.9041E-01
  0.729543087E+00  0.8680E-01
  0.729602841E+00  0.8196E-01
  0.729662604E+00  0.7546E-01
  0.729725977E+00  0.6652E-01
  0.729801561E+00  0.5312E-01
  0.729940099E+00  0.2408E-01
  0.730034631E+00  0.5420E-02
  0.730101309E+00 -0.5321E-02
  0.730160470E+00 -0.1285E-01
  0.730217520E+00 -0.1843E-01
  0.730275196E+00 -0.2264E-01
  0.730335505E+00 -0.2581E-01
  0.730400411E+00 -0.2818E-01
  0.730472293E+00 -0.2990E-01
  0.730554495E+00 -0.3112E-01
  0.730652314E+00 -0.3192E-01
  0.730775674E+00 -0.3241E-01
  0.730958786E+00 -0.3267E-01
  0.737318450E+00 -0.3213E-01
  0.763614088E+00 -0.2867E-01
  0.803676196E+00 -0.2405E-01
  0.849983563E+00 -0.1839E-01
  0.899166540E+00 -0.1238E-01
  0.949433731E+00 -0.6219E-02
  0.100000000E+01  0.0000E+00
t= 0.800000E+00, nstep= 230, cpu=      .5
  0.000000000E+00  0.0000E+00
  0.124792187E+00  0.1345E-01
  0.248717330E+00  0.2679E-01
  0.370259407E+00  0.3983E-01
  0.486906009E+00  0.5231E-01
  0.594544668E+00  0.6369E-01
  0.688808912E+00  0.7378E-01
  0.757747022E+00  0.8076E-01
  0.793624327E+00  0.8449E-01
  0.793850776E+00  0.8426E-01
  0.793987543E+00  0.8389E-01
  0.794098576E+00  0.8330E-01
  0.794195449E+00  0.8243E-01
  0.794282361E+00  0.8118E-01
  0.794361803E+00  0.7945E-01
  0.794435751E+00  0.7714E-01
  0.794506032E+00  0.7409E-01
  0.794574572E+00  0.7012E-01
  0.794643792E+00  0.6492E-01
  0.794717678E+00  0.5792E-01
  0.794806266E+00  0.4764E-01
  0.794987089E+00  0.2329E-01
  0.795091210E+00  0.1027E-01
  0.795165922E+00  0.2505E-02
  0.795232480E+00 -0.3119E-02
  0.795296405E+00 -0.7412E-02
  0.795360417E+00 -0.1075E-01
  0.795426410E+00 -0.1335E-01
  0.795496077E+00 -0.1536E-01
  0.795571261E+00 -0.1690E-01
  0.795654293E+00 -0.1804E-01
  0.795748520E+00 -0.1887E-01
  0.795859374E+00 -0.1944E-01
  0.795997983E+00 -0.1982E-01
  0.796208908E+00 -0.2004E-01
  0.803976506E+00 -0.1950E-01
  0.831390305E+00 -0.1648E-01
  0.870171071E+00 -0.1280E-01
  0.912506551E+00 -0.8652E-02
  0.956104660E+00 -0.4318E-02
  0.100000000E+01  0.0000E+00
t= 0.100000E+01, nstep= 248, cpu=      .5
  0.000000000E+00  0.0000E+00
  0.137426111E+00  0.1218E-01
  0.273897871E+00  0.2428E-01
  0.407700113E+00  0.3609E-01
  0.536112409E+00  0.4745E-01
  0.653898684E+00  0.5775E-01
  0.756596702E+00  0.6670E-01
  0.829644288E+00  0.7330E-01
  0.857650335E+00  0.7544E-01
  0.857911715E+00  0.7520E-01
  0.858077905E+00  0.7481E-01
  0.858210241E+00  0.7421E-01
  0.858322793E+00  0.7336E-01
  0.858422020E+00  0.7218E-01
  0.858511958E+00  0.7063E-01
  0.858595531E+00  0.6860E-01
  0.858675134E+00  0.6600E-01
  0.858753077E+00  0.6267E-01
  0.858832139E+00  0.5837E-01
  0.858916853E+00  0.5268E-01
  0.859018729E+00  0.4441E-01
  0.859246259E+00  0.2325E-01
  0.859357902E+00  0.1370E-01
  0.859440115E+00  0.7770E-02
  0.859513625E+00  0.3368E-02
  0.859583953E+00 -0.6102E-04
  0.859653796E+00 -0.2781E-02
  0.859724949E+00 -0.4947E-02
  0.859798904E+00 -0.6667E-02
  0.859877137E+00 -0.8021E-02
  0.859961330E+00 -0.9071E-02
  0.860053669E+00 -0.9869E-02
  0.860157417E+00 -0.1046E-01
  0.860278389E+00 -0.1089E-01
  0.860430163E+00 -0.1118E-01
  0.860671846E+00 -0.1138E-01
  0.872250338E+00 -0.1072E-01
  0.899009261E+00 -0.8309E-02
  0.931544077E+00 -0.5603E-02
  0.965632097E+00 -0.2847E-02
  0.100000000E+01  0.0000E+00
t= 0.120000E+01, nstep= 261, cpu=      .5
  0.000000000E+00  0.0000E+00
  0.151862135E+00  0.1143E-01
  0.302669452E+00  0.2279E-01
  0.450512920E+00  0.3389E-01
  0.592402462E+00  0.4453E-01
  0.722558956E+00  0.5432E-01
  0.834349462E+00  0.6246E-01
  0.905483701E+00  0.6807E-01
  0.921377375E+00  0.6901E-01
  0.921670164E+00  0.6877E-01
  0.921854669E+00  0.6840E-01
  0.922001942E+00  0.6786E-01
  0.922128054E+00  0.6709E-01
  0.922239952E+00  0.6605E-01
  0.922341842E+00  0.6468E-01
  0.922436791E+00  0.6293E-01
  0.922527380E+00  0.6069E-01
  0.922616158E+00  0.5785E-01
  0.922706236E+00  0.5422E-01
  0.922802678E+00  0.4945E-01
  0.922918341E+00  0.4259E-01
  0.923195556E+00  0.2380E-01
  0.923314171E+00  0.1644E-01
  0.923403470E+00  0.1169E-01
  0.923483441E+00  0.8104E-02
  0.923559597E+00  0.5269E-02
  0.923634619E+00  0.2987E-02
  0.923710228E+00  0.1139E-02
  0.923787761E+00 -0.3559E-03
  0.923868429E+00 -0.1558E-02
  0.923953461E+00 -0.2517E-02
  0.924044259E+00 -0.3270E-02
  0.924142639E+00 -0.3852E-02
  0.924251447E+00 -0.4294E-02
  0.924376588E+00 -0.4623E-02
  0.924534842E+00 -0.4868E-02
  0.924809279E+00 -0.5060E-02
  0.935806119E+00 -0.4586E-02
  0.955123554E+00 -0.3252E-02
  0.977310020E+00 -0.1556E-02
  0.100000000E+01  0.0000E+00
t= 0.140000E+01, nstep= 278, cpu=      .6
  0.000000000E+00  0.0000E+00
  0.167437184E+00  0.1096E-01
  0.333711431E+00  0.2184E-01
  0.496721268E+00  0.3249E-01
  0.653121655E+00  0.4266E-01
  0.796205955E+00  0.5209E-01
  0.914521683E+00  0.5950E-01
  0.978987092E+00  0.6399E-01
  0.984897650E+00  0.6411E-01
  0.985206219E+00  0.6387E-01
  0.985403146E+00  0.6351E-01
  0.985561325E+00  0.6301E-01
  0.985697861E+00  0.6231E-01
  0.985819946E+00  0.6137E-01
  0.985931845E+00  0.6016E-01
  0.986036664E+00  0.5862E-01
  0.986137053E+00  0.5666E-01
  0.986235687E+00  0.5420E-01
  0.986335890E+00  0.5108E-01
  0.986443132E+00  0.4700E-01
  0.986571277E+00  0.4119E-01
  0.986894819E+00  0.2441E-01
  0.987018364E+00  0.1852E-01
  0.987112489E+00  0.1462E-01
  0.987196414E+00  0.1162E-01
  0.987275576E+00  0.9226E-02
  0.987352560E+00  0.7269E-02
  0.987428916E+00  0.5661E-02
  0.987505720E+00  0.4337E-02
  0.987583800E+00  0.3250E-02
  0.987663846E+00  0.2361E-02
  0.987746480E+00  0.1639E-02
  0.987832336E+00  0.1059E-02
  0.987922216E+00  0.5958E-03
  0.988017530E+00  0.2294E-03
  0.988121746E+00 -0.6148E-04
  0.988246535E+00 -0.3018E-03
  0.988442140E+00 -0.5263E-03
  0.990038090E+00 -0.8208E-03
  0.994769374E+00 -0.2742E-03
  0.100000000E+01  0.0000E+00
t= 0.142600E+01, nstep= 282, cpu=      .6
  0.000000000E+00  0.0000E+00
  0.169504869E+00  0.1091E-01
  0.337832417E+00  0.2174E-01
  0.502855774E+00  0.3234E-01
  0.661175202E+00  0.4246E-01
  0.805919244E+00  0.5185E-01
  0.924894738E+00  0.5917E-01
  0.988389105E+00  0.6353E-01
  0.993135421E+00  0.6356E-01
  0.993440435E+00  0.6332E-01
  0.993636973E+00  0.6297E-01
  0.993795440E+00  0.6247E-01
  0.993932575E+00  0.6178E-01
  0.994055437E+00  0.6087E-01
  0.994168217E+00  0.5968E-01
  0.994273979E+00  0.5817E-01
  0.994375349E+00  0.5627E-01
  0.994474987E+00  0.5387E-01
  0.994576212E+00  0.5083E-01
  0.994684497E+00  0.4686E-01
  0.994813698E+00  0.4122E-01
  0.995140121E+00  0.2484E-01
  0.995262318E+00  0.1916E-01
  0.995354923E+00  0.1538E-01
  0.995436865E+00  0.1248E-01
  0.995513433E+00  0.1015E-01
  0.995587048E+00  0.8251E-02
  0.995659053E+00  0.6684E-02
  0.995730254E+00  0.5391E-02
  0.995801132E+00  0.4325E-02
  0.995871928E+00  0.3450E-02
  0.995942685E+00  0.2736E-02
  0.996013293E+00  0.2157E-02
  0.996083569E+00  0.1692E-02
  0.996153506E+00  0.1318E-02
  0.996223973E+00  0.1015E-02
  0.996299175E+00  0.7593E-03
  0.996394557E+00  0.5119E-03
  0.996616538E+00  0.1595E-03
  0.998112779E+00 -0.1719E-03
  0.100000000E+01  0.0000E+00
t= 0.142800E+01, nstep= 283, cpu=      .6
  0.000000000E+00  0.0000E+00
  0.169664133E+00  0.1090E-01
  0.338149835E+00  0.2173E-01
  0.503328279E+00  0.3233E-01
  0.661795436E+00  0.4245E-01
  0.806666755E+00  0.5184E-01
  0.925691446E+00  0.5914E-01
  0.989111308E+00  0.6349E-01
  0.993769354E+00  0.6352E-01
  0.994074008E+00  0.6328E-01
  0.994270498E+00  0.6292E-01
  0.994428991E+00  0.6243E-01
  0.994566187E+00  0.6174E-01
  0.994689128E+00  0.6083E-01
  0.994801999E+00  0.5965E-01
  0.994907858E+00  0.5814E-01
  0.995009329E+00  0.5624E-01
  0.995109070E+00  0.5384E-01
  0.995210402E+00  0.5081E-01
  0.995318798E+00  0.4685E-01
  0.995448118E+00  0.4122E-01
  0.995774845E+00  0.2487E-01
  0.995896973E+00  0.1921E-01
  0.995989486E+00  0.1545E-01
  0.996071295E+00  0.1255E-01
  0.996147681E+00  0.1023E-01
  0.996221052E+00  0.8332E-02
  0.996292732E+00  0.6769E-02
  0.996363510E+00  0.5478E-02
  0.996433839E+00  0.4414E-02
  0.996503926E+00  0.3540E-02
  0.996573776E+00  0.2827E-02
  0.996643229E+00  0.2248E-02
  0.996712049E+00  0.1782E-02
  0.996780158E+00  0.1408E-02
  0.996848309E+00  0.1105E-02
  0.996920375E+00  0.8480E-03
  0.997010439E+00  0.5995E-03
  0.997208786E+00  0.2487E-03
  0.998384916E+00 -0.1529E-03
  0.100000000E+01  0.0000E+00
t= 0.143000E+01, nstep= 284, cpu=      .6
  0.000000000E+00  0.0000E+00
  0.169823404E+00  0.1090E-01
  0.338467269E+00  0.2172E-01
  0.503800808E+00  0.3232E-01
  0.662415688E+00  0.4243E-01
  0.807414206E+00  0.5182E-01
  0.926487859E+00  0.5912E-01
  0.989833276E+00  0.6346E-01
  0.994403283E+00  0.6348E-01
  0.994707556E+00  0.6323E-01
  0.994903992E+00  0.6288E-01
  0.995062508E+00  0.6238E-01
  0.995199761E+00  0.6170E-01
  0.995322777E+00  0.6079E-01
  0.995435731E+00  0.5961E-01
  0.995541679E+00  0.5811E-01
  0.995643239E+00  0.5621E-01
  0.995743071E+00  0.5382E-01
  0.995844493E+00  0.5079E-01
  0.995952977E+00  0.4684E-01
  0.996082379E+00  0.4123E-01
  0.996409217E+00  0.2493E-01
  0.996531146E+00  0.1928E-01
  0.996623428E+00  0.1553E-01
  0.996704946E+00  0.1264E-01
  0.996780960E+00  0.1033E-01
  0.996853856E+00  0.8434E-02
  0.996924932E+00  0.6875E-02
  0.996994942E+00  0.5587E-02
  0.997064298E+00  0.4525E-02
  0.997133156E+00  0.3653E-02
  0.997201464E+00  0.2940E-02
  0.997268995E+00  0.2362E-02
  0.997335444E+00  0.1896E-02
  0.997400653E+00  0.1521E-02
  0.997465238E+00  0.1217E-02
  0.997532664E+00  0.9590E-03
  0.997615376E+00  0.7090E-03
  0.997788726E+00  0.3579E-03
  0.998657047E+00 -0.1040E-03
  0.100000000E+01  0.0000E+00
t= 0.143200E+01, nstep= 285, cpu=      .6
  0.000000000E+00  0.0000E+00
  0.169982658E+00  0.1090E-01
  0.338784669E+00  0.2171E-01
  0.504273285E+00  0.3231E-01
  0.663035860E+00  0.4242E-01
  0.808161477E+00  0.5180E-01
  0.927283831E+00  0.5909E-01
  0.990554863E+00  0.6342E-01
  0.995037122E+00  0.6344E-01
  0.995340980E+00  0.6319E-01
  0.995537354E+00  0.6284E-01
  0.995695888E+00  0.6235E-01
  0.995833188E+00  0.6166E-01
  0.995956267E+00  0.6076E-01
  0.996069291E+00  0.5958E-01
  0.996175309E+00  0.5808E-01
  0.996276939E+00  0.5619E-01
  0.996376836E+00  0.5381E-01
  0.996478317E+00  0.5079E-01
  0.996586846E+00  0.4685E-01
  0.996716260E+00  0.4126E-01
  0.997042866E+00  0.2500E-01
  0.997164367E+00  0.1938E-01
  0.997256181E+00  0.1564E-01
  0.997337135E+00  0.1277E-01
  0.997412454E+00  0.1046E-01
  0.997484488E+00  0.8573E-02
  0.997554492E+00  0.7019E-02
  0.997623167E+00  0.5735E-02
  0.997690860E+00  0.4676E-02
  0.997757655E+00  0.3805E-02
  0.997823417E+00  0.3094E-02
  0.997887838E+00  0.2516E-02
  0.997950529E+00  0.2050E-02
  0.998011246E+00  0.1675E-02
  0.998070452E+00  0.1371E-02
  0.998131102E+00  0.1111E-02
  0.998203580E+00  0.8597E-03
  0.998346221E+00  0.5058E-03
  0.998934686E+00 -0.4073E-05
  0.100000000E+01  0.0000E+00
t= 0.143400E+01, nstep= 286, cpu=      .6
  0.000000000E+00  0.0000E+00
  0.170141859E+00  0.1089E-01
  0.339101963E+00  0.2171E-01
  0.504745604E+00  0.3230E-01
  0.663655811E+00  0.4240E-01
  0.808908391E+00  0.5178E-01
  0.928079139E+00  0.5907E-01
  0.991275828E+00  0.6339E-01
  0.995670740E+00  0.6340E-01
  0.995974137E+00  0.6315E-01
  0.996170437E+00  0.6280E-01
  0.996328977E+00  0.6231E-01
  0.996466312E+00  0.6163E-01
  0.996589437E+00  0.6072E-01
  0.996702512E+00  0.5955E-01
  0.996808579E+00  0.5806E-01
  0.996910253E+00  0.5617E-01
  0.997010185E+00  0.5380E-01
  0.997111685E+00  0.5080E-01
  0.997220206E+00  0.4687E-01
  0.997349546E+00  0.4130E-01
  0.997675498E+00  0.2512E-01
  0.997796289E+00  0.1952E-01
  0.997887345E+00  0.1580E-01
  0.997967403E+00  0.1294E-01
  0.998041641E+00  0.1064E-01
  0.998112355E+00  0.8763E-02
  0.998180741E+00  0.7215E-02
  0.998247431E+00  0.5936E-02
  0.998312693E+00  0.4880E-02
  0.998376528E+00  0.4013E-02
  0.998438716E+00  0.3303E-02
  0.998498875E+00  0.2727E-02
  0.998556565E+00  0.2262E-02
  0.998611502E+00  0.1887E-02
  0.998664046E+00  0.1581E-02
  0.998716666E+00  0.1321E-02
  0.998777681E+00  0.1068E-02
  0.998889852E+00  0.7110E-03
  0.999246297E+00  0.1639E-03
  0.100000000E+01  0.0000E+00
t= 0.143600E+01, nstep= 287, cpu=      .6
  0.000000000E+00  0.0000E+00
  0.170301046E+00  0.1089E-01
  0.339419228E+00  0.2170E-01
  0.505217879E+00  0.3229E-01
  0.664275690E+00  0.4239E-01
  0.809655136E+00  0.5176E-01
  0.928874026E+00  0.5904E-01
  0.991996463E+00  0.6335E-01
  0.996304396E+00  0.6336E-01
  0.996607278E+00  0.6311E-01
  0.996803463E+00  0.6276E-01
  0.996961971E+00  0.6227E-01
  0.997099305E+00  0.6159E-01
  0.997222444E+00  0.6069E-01
  0.997335535E+00  0.5952E-01
  0.997441619E+00  0.5804E-01
  0.997543302E+00  0.5616E-01
  0.997643230E+00  0.5380E-01
  0.997744705E+00  0.5080E-01
  0.997853162E+00  0.4690E-01
  0.997982347E+00  0.4135E-01
  0.998307281E+00  0.2523E-01
  0.998427135E+00  0.1967E-01
  0.998517196E+00  0.1596E-01
  0.998596090E+00  0.1311E-01
  0.998668926E+00  0.1083E-01
  0.998737934E+00  0.8958E-02
  0.998804238E+00  0.7417E-02
  0.998868381E+00  0.6143E-02
  0.998930543E+00  0.5092E-02
  0.998990626E+00  0.4227E-02
  0.999048330E+00  0.3519E-02
  0.999103213E+00  0.2944E-02
  0.999154815E+00  0.2479E-02
  0.999202860E+00  0.2104E-02
  0.999247662E+00  0.1799E-02
  0.999291243E+00  0.1538E-02
  0.999339943E+00  0.1283E-02
  0.999423311E+00  0.9232E-03
  0.999620907E+00  0.3539E-03
  0.100000000E+01  0.0000E+00
t= 0.143800E+01, nstep= 291, cpu=      .6
  0.000000000E+00  0.0000E+00
  0.170460317E+00  0.1088E-01
  0.339736662E+00  0.2169E-01
  0.505690405E+00  0.3228E-01
  0.664895888E+00  0.4238E-01
  0.810402198E+00  0.5175E-01
  0.929669115E+00  0.5902E-01
  0.992717476E+00  0.6332E-01
  0.996938599E+00  0.6331E-01
  0.997240917E+00  0.6307E-01
  0.997436903E+00  0.6272E-01
  0.997595290E+00  0.6223E-01
  0.997732545E+00  0.6155E-01
  0.997855627E+00  0.6065E-01
  0.997968671E+00  0.5949E-01
  0.998074709E+00  0.5800E-01
  0.998176338E+00  0.5613E-01
  0.998276197E+00  0.5378E-01
  0.998377573E+00  0.5079E-01
  0.998485878E+00  0.4689E-01
  0.998614779E+00  0.4136E-01
  0.998938037E+00  0.2529E-01
  0.999056436E+00  0.1974E-01
  0.999144882E+00  0.1605E-01
  0.999221799E+00  0.1321E-01
  0.999292145E+00  0.1093E-01
  0.999357981E+00  0.9069E-02
  0.999420226E+00  0.7532E-02
  0.999479196E+00  0.6261E-02
  0.999534821E+00  0.5211E-02
  0.999586785E+00  0.4348E-02
  0.999634639E+00  0.3641E-02
  0.999677934E+00  0.3065E-02
  0.999716370E+00  0.2600E-02
  0.999749959E+00  0.2224E-02
  0.999779227E+00  0.1917E-02
  0.999805706E+00  0.1654E-02
  0.999832916E+00  0.1397E-02
  0.999873705E+00  0.1033E-02
  0.999944042E+00  0.4482E-03
  0.100000000E+01  0.0000E+00
t= 0.144000E+01, nstep= 298, cpu=      .6
  0.000000000E+00  0.0000E+00
  0.170619682E+00  0.1088E-01
  0.340054283E+00  0.2168E-01
  0.506163208E+00  0.3227E-01
  0.665516440E+00  0.4236E-01
  0.811149619E+00  0.5173E-01
  0.930464436E+00  0.5899E-01
  0.993438811E+00  0.6328E-01
  0.997573003E+00  0.6327E-01
  0.997874704E+00  0.6303E-01
  0.998070319E+00  0.6268E-01
  0.998228359E+00  0.6219E-01
  0.998365259E+00  0.6151E-01
  0.998487946E+00  0.6061E-01
  0.998600528E+00  0.5945E-01
  0.998705993E+00  0.5796E-01
  0.998806888E+00  0.5609E-01
  0.998905763E+00  0.5373E-01
  0.999005749E+00  0.5075E-01
  0.999111913E+00  0.4686E-01
  0.999236854E+00  0.4133E-01
  0.999532998E+00  0.2528E-01
  0.999629994E+00  0.1974E-01
  0.999695810E+00  0.1605E-01
  0.999747436E+00  0.1322E-01
  0.999789626E+00  0.1094E-01
  0.999824628E+00  0.9082E-02
  0.999853808E+00  0.7546E-02
  0.999878131E+00  0.6276E-02
  0.999898341E+00  0.5226E-02
  0.999915047E+00  0.4362E-02
  0.999928768E+00  0.3654E-02
  0.999939959E+00  0.3078E-02
  0.999949030E+00  0.2612E-02
  0.999956367E+00  0.2235E-02
  0.999962358E+00  0.1927E-02
  0.999967492E+00  0.1663E-02
  0.999972519E+00  0.1405E-02
  0.999979666E+00  0.1039E-02
  0.999991163E+00  0.4512E-03
  0.100000000E+01  0.0000E+00
t= 0.144200E+01, nstep= 304, cpu=      .6
  0.000000000E+00  0.0000E+00
  0.170777964E+00  0.1088E-01
  0.340369744E+00  0.2168E-01
  0.506632798E+00  0.3225E-01
  0.666132732E+00  0.4235E-01
  0.811891604E+00  0.5171E-01
  0.931252214E+00  0.5897E-01
  0.994150127E+00  0.6325E-01
  0.998196481E+00  0.6323E-01
  0.998496414E+00  0.6299E-01
  0.998688426E+00  0.6264E-01
  0.998840144E+00  0.6214E-01
  0.998968122E+00  0.6146E-01
  0.999079512E+00  0.6055E-01
  0.999178472E+00  0.5938E-01
  0.999267888E+00  0.5789E-01
  0.999350041E+00  0.5600E-01
  0.999426973E+00  0.5364E-01
  0.999500841E+00  0.5064E-01
  0.999574621E+00  0.4673E-01
  0.999654890E+00  0.4118E-01
  0.999813925E+00  0.2527E-01
  0.999858441E+00  0.1974E-01
  0.999886406E+00  0.1605E-01
  0.999907222E+00  0.1322E-01
  0.999923603E+00  0.1094E-01
  0.999936829E+00  0.9082E-02
  0.999947643E+00  0.7546E-02
  0.999956531E+00  0.6275E-02
  0.999963843E+00  0.5226E-02
  0.999969845E+00  0.4362E-02
  0.999974752E+00  0.3654E-02
  0.999978741E+00  0.3078E-02
  0.999981967E+00  0.2612E-02
  0.999984573E+00  0.2235E-02
  0.999986699E+00  0.1927E-02
  0.999988519E+00  0.1663E-02
  0.999990301E+00  0.1405E-02
  0.999992829E+00  0.1039E-02
  0.999996886E+00  0.4511E-03
  0.100000000E+01  0.0000E+00
t= 0.144400E+01, nstep= 308, cpu=      .7
  0.000000000E+00  0.0000E+00
  0.170917333E+00  0.1087E-01
  0.340647509E+00  0.2167E-01
  0.507046286E+00  0.3224E-01
  0.666674901E+00  0.4233E-01
  0.812540422E+00  0.5169E-01
  0.931915236E+00  0.5894E-01
  0.994698103E+00  0.6320E-01
  0.998652349E+00  0.6320E-01
  0.998934920E+00  0.6296E-01
  0.999091687E+00  0.6261E-01
  0.999200666E+00  0.6210E-01
  0.999287119E+00  0.6141E-01
  0.999360395E+00  0.6050E-01
  0.999424879E+00  0.5931E-01
  0.999483213E+00  0.5781E-01
  0.999537225E+00  0.5591E-01
  0.999588434E+00  0.5353E-01
  0.999638416E+00  0.5051E-01
  0.999689317E+00  0.4658E-01
  0.999745898E+00  0.4102E-01
  0.999860471E+00  0.2528E-01
  0.999893570E+00  0.1975E-01
  0.999914484E+00  0.1606E-01
  0.999930099E+00  0.1322E-01
  0.999942411E+00  0.1095E-01
  0.999952363E+00  0.9085E-02
  0.999960507E+00  0.7549E-02
  0.999967204E+00  0.6278E-02
  0.999972717E+00  0.5228E-02
  0.999977243E+00  0.4363E-02
  0.999980944E+00  0.3656E-02
  0.999983953E+00  0.3079E-02
  0.999986388E+00  0.2612E-02
  0.999988353E+00  0.2235E-02
  0.999989957E+00  0.1927E-02
  0.999991331E+00  0.1663E-02
  0.999992679E+00  0.1405E-02
  0.999994591E+00  0.1039E-02
  0.999997652E+00  0.4513E-03
  0.100000000E+01  0.0000E+00
t= 0.144600E+01, nstep= 310, cpu=      .7
  0.000000000E+00  0.0000E+00
  0.171023464E+00  0.1087E-01
  0.340859030E+00  0.2165E-01
  0.507361186E+00  0.3222E-01
  0.667086789E+00  0.4230E-01
  0.813025325E+00  0.5165E-01
  0.932357787E+00  0.5889E-01
  0.994954897E+00  0.6313E-01
  0.998812242E+00  0.6317E-01
  0.999055008E+00  0.6293E-01
  0.999176899E+00  0.6256E-01
  0.999265729E+00  0.6205E-01
  0.999339027E+00  0.6136E-01
  0.999402808E+00  0.6044E-01
  0.999460077E+00  0.5925E-01
  0.999512712E+00  0.5773E-01
  0.999562107E+00  0.5582E-01
  0.999609479E+00  0.5343E-01
  0.999656143E+00  0.5040E-01
  0.999704012E+00  0.4645E-01
  0.999757535E+00  0.4087E-01
  0.999865806E+00  0.2528E-01
  0.999897564E+00  0.1975E-01
  0.999917660E+00  0.1606E-01
  0.999932676E+00  0.1323E-01
  0.999944522E+00  0.1095E-01
  0.999954101E+00  0.9089E-02
  0.999961941E+00  0.7552E-02
  0.999968390E+00  0.6281E-02
  0.999973700E+00  0.5231E-02
  0.999978061E+00  0.4366E-02
  0.999981628E+00  0.3658E-02
  0.999984530E+00  0.3081E-02
  0.999986879E+00  0.2614E-02
  0.999988778E+00  0.2236E-02
  0.999990329E+00  0.1928E-02
  0.999991657E+00  0.1664E-02
  0.999992955E+00  0.1406E-02
  0.999994791E+00  0.1039E-02
  0.999997738E+00  0.4513E-03
  0.100000000E+01  0.0000E+00
t= 0.144800E+01, nstep= 313, cpu=      .7
  0.000000000E+00  0.0000E+00
  0.171117518E+00  0.1086E-01
  0.341046478E+00  0.2164E-01
  0.507640259E+00  0.3220E-01
  0.667451279E+00  0.4227E-01
  0.813450219E+00  0.5162E-01
  0.932718114E+00  0.5884E-01
  0.995101154E+00  0.6306E-01
  0.998863848E+00  0.6311E-01
  0.999074118E+00  0.6286E-01
  0.999187653E+00  0.6250E-01
  0.999273238E+00  0.6198E-01
  0.999344746E+00  0.6128E-01
  0.999407392E+00  0.6036E-01
  0.999463878E+00  0.5916E-01
  0.999515943E+00  0.5763E-01
  0.999564905E+00  0.5572E-01
  0.999611935E+00  0.5331E-01
  0.999658316E+00  0.5026E-01
  0.999705931E+00  0.4630E-01
  0.999759181E+00  0.4071E-01
  0.999866049E+00  0.2528E-01
  0.999897742E+00  0.1975E-01
  0.999917804E+00  0.1606E-01
  0.999932796E+00  0.1323E-01
  0.999944622E+00  0.1095E-01
  0.999954185E+00  0.9089E-02
  0.999962012E+00  0.7553E-02
  0.999968451E+00  0.6281E-02
  0.999973751E+00  0.5231E-02
  0.999978104E+00  0.4367E-02
  0.999981664E+00  0.3658E-02
  0.999984560E+00  0.3082E-02
  0.999986903E+00  0.2614E-02
  0.999988798E+00  0.2237E-02
  0.999990345E+00  0.1928E-02
  0.999991670E+00  0.1664E-02
  0.999992966E+00  0.1405E-02
  0.999994799E+00  0.1039E-02
  0.999997742E+00  0.4512E-03
  0.100000000E+01  0.0000E+00
t= 0.145000E+01, nstep= 314, cpu=      .7
  0.000000000E+00  0.0000E+00
  0.171208843E+00  0.1085E-01
  0.341228487E+00  0.2162E-01
  0.507911234E+00  0.3217E-01
  0.667804994E+00  0.4224E-01
  0.813861074E+00  0.5158E-01
  0.933057714E+00  0.5879E-01
  0.995218054E+00  0.6299E-01
  0.998885711E+00  0.6304E-01
  0.999079211E+00  0.6278E-01
  0.999190359E+00  0.6242E-01
  0.999275121E+00  0.6190E-01
  0.999346232E+00  0.6119E-01
  0.999408649E+00  0.6026E-01
  0.999464992E+00  0.5906E-01
  0.999516965E+00  0.5753E-01
  0.999565865E+00  0.5560E-01
  0.999612855E+00  0.5318E-01
  0.999659207E+00  0.5013E-01
  0.999706796E+00  0.4615E-01
  0.999759995E+00  0.4055E-01
  0.999865879E+00  0.2526E-01
  0.999897607E+00  0.1974E-01
  0.999917697E+00  0.1606E-01
  0.999932709E+00  0.1322E-01
  0.999944551E+00  0.1095E-01
  0.999954128E+00  0.9087E-02
  0.999961965E+00  0.7550E-02
  0.999968413E+00  0.6280E-02
  0.999973720E+00  0.5230E-02
  0.999978078E+00  0.4366E-02
  0.999981643E+00  0.3657E-02
  0.999984542E+00  0.3081E-02
  0.999986888E+00  0.2614E-02
  0.999988784E+00  0.2236E-02
  0.999990333E+00  0.1928E-02
  0.999991659E+00  0.1663E-02
  0.999992956E+00  0.1405E-02
  0.999994792E+00  0.1039E-02
  0.999997739E+00  0.4511E-03
  0.100000000E+01  0.0000E+00
t= 0.145200E+01, nstep= 315, cpu=      .7
  0.000000000E+00  0.0000E+00
  0.171299504E+00  0.1084E-01
  0.341409173E+00  0.2160E-01
  0.508180235E+00  0.3215E-01
  0.668156028E+00  0.4220E-01
  0.814268081E+00  0.5154E-01
  0.933390554E+00  0.5873E-01
  0.995325216E+00  0.6291E-01
  0.998894735E+00  0.6295E-01
  0.999080509E+00  0.6270E-01
  0.999191005E+00  0.6233E-01
  0.999275728E+00  0.6181E-01
  0.999346863E+00  0.6111E-01
  0.999409304E+00  0.6017E-01
  0.999465667E+00  0.5896E-01
  0.999517655E+00  0.5742E-01
  0.999566570E+00  0.5549E-01
  0.999613572E+00  0.5306E-01
  0.999659936E+00  0.4999E-01
  0.999707531E+00  0.4601E-01
  0.999760707E+00  0.4039E-01
  0.999865674E+00  0.2525E-01
  0.999897445E+00  0.1973E-01
  0.999917567E+00  0.1605E-01
  0.999932604E+00  0.1322E-01
  0.999944465E+00  0.1094E-01
  0.999954057E+00  0.9084E-02
  0.999961907E+00  0.7548E-02
  0.999968364E+00  0.6278E-02
  0.999973680E+00  0.5228E-02
  0.999978045E+00  0.4364E-02
  0.999981615E+00  0.3656E-02
  0.999984519E+00  0.3080E-02
  0.999986868E+00  0.2613E-02
  0.999988767E+00  0.2235E-02
  0.999990318E+00  0.1927E-02
  0.999991647E+00  0.1663E-02
  0.999992945E+00  0.1404E-02
  0.999994784E+00  0.1038E-02
  0.999997735E+00  0.4509E-03
  0.100000000E+01  0.0000E+00
t= 0.145400E+01, nstep= 316, cpu=      .7
  0.000000000E+00  0.0000E+00
  0.171389926E+00  0.1083E-01
  0.341589382E+00  0.2159E-01
  0.508448524E+00  0.3213E-01
  0.668506050E+00  0.4217E-01
  0.814673373E+00  0.5150E-01
  0.933719845E+00  0.5868E-01
  0.995428031E+00  0.6284E-01
  0.998896700E+00  0.6287E-01
  0.999078989E+00  0.6262E-01
  0.999189935E+00  0.6225E-01
  0.999275147E+00  0.6173E-01
  0.999346607E+00  0.6102E-01
  0.999409264E+00  0.6008E-01
  0.999465778E+00  0.5886E-01
  0.999517879E+00  0.5732E-01
  0.999566883E+00  0.5538E-01
  0.999613960E+00  0.5294E-01
  0.999660387E+00  0.4986E-01
  0.999708033E+00  0.4586E-01
  0.999761229E+00  0.4024E-01
  0.999865382E+00  0.2524E-01
  0.999897217E+00  0.1973E-01
  0.999917384E+00  0.1605E-01
  0.999932455E+00  0.1322E-01
  0.999944343E+00  0.1094E-01
  0.999953956E+00  0.9080E-02
  0.999961824E+00  0.7545E-02
  0.999968295E+00  0.6276E-02
  0.999973622E+00  0.5227E-02
  0.999977997E+00  0.4363E-02
  0.999981575E+00  0.3655E-02
  0.999984485E+00  0.3079E-02
  0.999986840E+00  0.2612E-02
  0.999988743E+00  0.2235E-02
  0.999990297E+00  0.1926E-02
  0.999991628E+00  0.1662E-02
  0.999992930E+00  0.1404E-02
  0.999994772E+00  0.1038E-02
  0.999997730E+00  0.4508E-03
  0.100000000E+01  0.0000E+00
t= 0.200000E+01, nstep= 342, cpu=      .7
  0.000000000E+00  0.0000E+00
  0.181849866E+00  0.8550E-02
  0.362402214E+00  0.1701E-01
  0.539194454E+00  0.2535E-01
  0.707324572E+00  0.3322E-01
  0.856828093E+00  0.4011E-01
  0.964207772E+00  0.4542E-01
  0.998530488E+00  0.4686E-01
  0.998764329E+00  0.4668E-01
  0.998907432E+00  0.4642E-01
  0.999020217E+00  0.4605E-01
  0.999116009E+00  0.4553E-01
  0.999200243E+00  0.4485E-01
  0.999275994E+00  0.4397E-01
  0.999345326E+00  0.4286E-01
  0.999409771E+00  0.4148E-01
  0.999470569E+00  0.3980E-01
  0.999528815E+00  0.3775E-01
  0.999585606E+00  0.3528E-01
  0.999642256E+00  0.3226E-01
  0.999700888E+00  0.2849E-01
  0.999768572E+00  0.2330E-01
  0.999819234E+00  0.1884E-01
  0.999854630E+00  0.1545E-01
  0.999881402E+00  0.1277E-01
  0.999902486E+00  0.1058E-01
  0.999919469E+00  0.8787E-02
  0.999933318E+00  0.7303E-02
  0.999944676E+00  0.6074E-02
  0.999954005E+00  0.5059E-02
  0.999961654E+00  0.4222E-02
  0.999967903E+00  0.3537E-02
  0.999972980E+00  0.2979E-02
  0.999977086E+00  0.2527E-02
  0.999980402E+00  0.2162E-02
  0.999983106E+00  0.1864E-02
  0.999985421E+00  0.1609E-02
  0.999987684E+00  0.1359E-02
  0.999990894E+00  0.1005E-02
  0.999996047E+00  0.4365E-03
  0.100000000E+01  0.0000E+00
t= 0.400000E+01, nstep= 375, cpu=      .8
  0.000000000E+00  0.0000E+00
  0.216589888E+00  0.5224E-02
  0.431179087E+00  0.1048E-01
  0.638053639E+00  0.1542E-01
  0.822473255E+00  0.1981E-01
  0.951975352E+00  0.2319E-01
  0.997378651E+00  0.2415E-01
  0.997788698E+00  0.2402E-01
  0.998012741E+00  0.2386E-01
  0.998177595E+00  0.2367E-01
  0.998314292E+00  0.2346E-01
  0.998434426E+00  0.2320E-01
  0.998543443E+00  0.2289E-01
  0.998644348E+00  0.2252E-01
  0.998739029E+00  0.2209E-01
  0.998828812E+00  0.2160E-01
  0.998914728E+00  0.2102E-01
  0.998997644E+00  0.2036E-01
  0.999078353E+00  0.1959E-01
  0.999157640E+00  0.1871E-01
  0.999236366E+00  0.1770E-01
  0.999315633E+00  0.1653E-01
  0.999396299E+00  0.1517E-01
  0.999477647E+00  0.1361E-01
  0.999556902E+00  0.1193E-01
  0.999629762E+00  0.1023E-01
  0.999693082E+00  0.8647E-02
  0.999746200E+00  0.7251E-02
  0.999790023E+00  0.6057E-02
  0.999825926E+00  0.5054E-02
  0.999855225E+00  0.4223E-02
  0.999879050E+00  0.3539E-02
  0.999898342E+00  0.2980E-02
  0.999913925E+00  0.2527E-02
  0.999926476E+00  0.2161E-02
  0.999936637E+00  0.1863E-02
  0.999945350E+00  0.1608E-02
  0.999953804E+00  0.1360E-02
  0.999965858E+00  0.1006E-02
  0.999985186E+00  0.4365E-03
  0.100000000E+01  0.0000E+00
t= 0.600000E+01, nstep= 381, cpu=      .8
  0.000000000E+00  0.0000E+00
  0.237146892E+00  0.3862E-02
  0.472010414E+00  0.7641E-02
  0.696332600E+00  0.1145E-01
  0.880320536E+00  0.1421E-01
  0.979504585E+00  0.1596E-01
  0.996341687E+00  0.1608E-01
  0.996904059E+00  0.1596E-01
  0.997210921E+00  0.1583E-01
  0.997430481E+00  0.1568E-01
  0.997607380E+00  0.1552E-01
  0.997759599E+00  0.1535E-01
  0.997895972E+00  0.1515E-01
  0.998021405E+00  0.1493E-01
  0.998138877E+00  0.1468E-01
  0.998250341E+00  0.1440E-01
  0.998357170E+00  0.1408E-01
  0.998460402E+00  0.1373E-01
  0.998560882E+00  0.1333E-01
  0.998659353E+00  0.1289E-01
  0.998756527E+00  0.1239E-01
  0.998853148E+00  0.1183E-01
  0.998950084E+00  0.1120E-01
  0.999048344E+00  0.1049E-01
  0.999148819E+00  0.9686E-02
  0.999251498E+00  0.8777E-02
  0.999354253E+00  0.7781E-02
  0.999452587E+00  0.6751E-02
  0.999541568E+00  0.5757E-02
  0.999618266E+00  0.4859E-02
  0.999682283E+00  0.4082E-02
  0.999734739E+00  0.3431E-02
  0.999777277E+00  0.2893E-02
  0.999811617E+00  0.2455E-02
  0.999839268E+00  0.2099E-02
  0.999861671E+00  0.1809E-02
  0.999880887E+00  0.1559E-02
  0.999899449E+00  0.1318E-02
  0.999925747E+00  0.9739E-03
  0.999967794E+00  0.4228E-03
  0.100000000E+01  0.0000E+00
t= 0.800000E+01, nstep= 390, cpu=      .9
  0.000000000E+00  0.0000E+00
  0.256544564E+00  0.3175E-02
  0.509435035E+00  0.6161E-02
  0.742531478E+00  0.9220E-02
  0.914699335E+00  0.1121E-01
  0.995459699E+00  0.1217E-01
  0.996361528E+00  0.1199E-01
  0.996710990E+00  0.1185E-01
  0.996950278E+00  0.1171E-01
  0.997138619E+00  0.1157E-01
  0.997297837E+00  0.1142E-01
  0.997438611E+00  0.1127E-01
  0.997566999E+00  0.1111E-01
  0.997686746E+00  0.1093E-01
  0.997800306E+00  0.1074E-01
  0.997909364E+00  0.1054E-01
  0.998015128E+00  0.1032E-01
  0.998118513E+00  0.1008E-01
  0.998220244E+00  0.9812E-02
  0.998320939E+00  0.9524E-02
  0.998421165E+00  0.9207E-02
  0.998521487E+00  0.8860E-02
  0.998622524E+00  0.8477E-02
  0.998725017E+00  0.8053E-02
  0.998829869E+00  0.7582E-02
  0.998938053E+00  0.7054E-02
  0.999050108E+00  0.6464E-02
  0.999165101E+00  0.5812E-02
  0.999279650E+00  0.5117E-02
  0.999388265E+00  0.4420E-02
  0.999485558E+00  0.3766E-02
  0.999568626E+00  0.3188E-02
  0.999637345E+00  0.2698E-02
  0.999693284E+00  0.2293E-02
  0.999738458E+00  0.1961E-02
  0.999775079E+00  0.1690E-02
  0.999806479E+00  0.1457E-02
  0.999836831E+00  0.1230E-02
  0.999879663E+00  0.9085E-03
  0.999947819E+00  0.3945E-03
  0.100000000E+01  0.0000E+00
t= 0.100000E+02, nstep= 400, cpu=      .9
  0.000000000E+00  0.0000E+00
  0.261314388E+00  0.2610E-02
  0.517712717E+00  0.5040E-02
  0.750694117E+00  0.7366E-02
  0.921147647E+00  0.9206E-02
  0.994246859E+00  0.9783E-02
  0.995193919E+00  0.9687E-02
  0.995687746E+00  0.9585E-02
  0.996033219E+00  0.9479E-02
  0.996303349E+00  0.9367E-02
  0.996528315E+00  0.9249E-02
  0.996723774E+00  0.9124E-02
  0.996898786E+00  0.8991E-02
  0.997058999E+00  0.8849E-02
  0.997208153E+00  0.8698E-02
  0.997348874E+00  0.8535E-02
  0.997483107E+00  0.8361E-02
  0.997612358E+00  0.8173E-02
  0.997737819E+00  0.7971E-02
  0.997860457E+00  0.7752E-02
  0.997981094E+00  0.7516E-02
  0.998100473E+00  0.7260E-02
  0.998219328E+00  0.6982E-02
  0.998338457E+00  0.6679E-02
  0.998458808E+00  0.6348E-02
  0.998581537E+00  0.5983E-02
  0.998707871E+00  0.5577E-02
  0.998838540E+00  0.5126E-02
  0.998972766E+00  0.4629E-02
  0.999107402E+00  0.4100E-02
  0.999236689E+00  0.3564E-02
  0.999353885E+00  0.3056E-02
  0.999454597E+00  0.2604E-02
  0.999538196E+00  0.2220E-02
  0.999606329E+00  0.1901E-02
  0.999661810E+00  0.1638E-02
  0.999709452E+00  0.1411E-02
  0.999755417E+00  0.1190E-02
  0.999819839E+00  0.8781E-03
  0.999921851E+00  0.3817E-03
  0.100000000E+01  0.0000E+00
