t= 0.000000E+00, nstep=   0, cpu=      .0
  0.000000000E+00  0.0000E+00
  0.250000000E-01  0.1957E+00
  0.500000000E-01  0.3872E+00
  0.750000000E-01  0.5707E+00
  0.100000000E+00  0.7423E+00
  0.125000000E+00  0.8984E+00
  0.150000000E+00  0.1036E+01
  0.175000000E+00  0.1152E+01
  0.200000000E+00  0.1245E+01
  0.225000000E+00  0.1312E+01
  0.250000000E+00  0.1354E+01
  0.275000000E+00  0.1368E+01
  0.300000000E+00  0.1356E+01
  0.325000000E+00  0.1317E+01
  0.350000000E+00  0.1255E+01
  0.375000000E+00  0.1169E+01
  0.400000000E+00  0.1063E+01
  0.425000000E+00  0.9402E+00
  0.450000000E+00  0.8029E+00
  0.475000000E+00  0.6549E+00
  0.500000000E+00  0.5000E+00
  0.525000000E+00  0.3420E+00
  0.550000000E+00  0.1848E+00
  0.575000000E+00  0.3219E-01
  0.600000000E+00 -0.1123E+00
  0.625000000E+00 -0.2452E+00
  0.650000000E+00 -0.3635E+00
  0.675000000E+00 -0.4647E+00
  0.700000000E+00 -0.5465E+00
  0.725000000E+00 -0.6075E+00
  0.750000000E+00 -0.6464E+00
  0.775000000E+00 -0.6630E+00
  0.800000000E+00 -0.6572E+00
  0.825000000E+00 -0.6298E+00
  0.850000000E+00 -0.5820E+00
  0.875000000E+00 -0.5158E+00
  0.900000000E+00 -0.4333E+00
  0.925000000E+00 -0.3373E+00
  0.950000000E+00 -0.2308E+00
  0.975000000E+00 -0.1172E+00
  0.100000000E+01  0.0000E+00
t= 0.200000E+00, nstep=  90, cpu=      .2
  0.000000000E+00  0.0000E+00
  0.645230116E-01  0.1968E+00
  0.128099026E+00  0.3892E+00
  0.189870910E+00  0.5728E+00
  0.248923259E+00  0.7435E+00
  0.305074285E+00  0.8994E+00
  0.357638100E+00  0.1037E+01
  0.405949360E+00  0.1153E+01
  0.449566459E+00  0.1246E+01
  0.488196073E+00  0.1313E+01
  0.521436241E+00  0.1354E+01
  0.548586936E+00  0.1367E+01
  0.570355956E+00  0.1355E+01
  0.588088840E+00  0.1317E+01
  0.593774094E+00  0.1286E+01
  0.593954943E+00  0.1273E+01
  0.594065727E+00  0.1245E+01
  0.594151985E+00  0.1195E+01
  0.594227206E+00  0.1109E+01
  0.594299170E+00  0.9674E+00
  0.594377212E+00  0.7289E+00
  0.594498536E+00  0.2327E+00
  0.594590408E+00 -0.1130E+00
  0.594662461E+00 -0.3030E+00
  0.594732192E+00 -0.4189E+00
  0.594806226E+00 -0.4894E+00
  0.594890910E+00 -0.5307E+00
  0.594996726E+00 -0.5529E+00
  0.595178960E+00 -0.5644E+00
  0.603948154E+00 -0.6073E+00
  0.621367158E+00 -0.6461E+00
  0.642563958E+00 -0.6621E+00
  0.668004765E+00 -0.6569E+00
  0.698334746E+00 -0.6302E+00
  0.732962330E+00 -0.5827E+00
  0.771267667E+00 -0.5167E+00
  0.812777238E+00 -0.4343E+00
  0.856934284E+00 -0.3385E+00
  0.903170961E+00 -0.2323E+00
  0.950981308E+00 -0.1186E+00
  0.100000000E+01  0.0000E+00
t= 0.400000E+00, nstep= 239, cpu=      .5
  0.000000000E+00  0.0000E+00
  0.104051174E+00  0.1971E+00
  0.206164563E+00  0.3896E+00
  0.304654045E+00  0.5732E+00
  0.397838036E+00  0.7439E+00
  0.485155004E+00  0.8997E+00
  0.564711982E+00  0.1036E+01
  0.637058149E+00  0.1154E+01
  0.662665581E+00  0.1191E+01
  0.662862441E+00  0.1191E+01
  0.663008826E+00  0.1188E+01
  0.663115183E+00  0.1182E+01
  0.663198129E+00  0.1172E+01
  0.663266736E+00  0.1155E+01
  0.663326070E+00  0.1131E+01
  0.663379205E+00  0.1097E+01
  0.663428278E+00  0.1051E+01
  0.663475053E+00  0.9889E+00
  0.663521369E+00  0.9056E+00
  0.663569868E+00  0.7915E+00
  0.663626763E+00  0.6224E+00
  0.663783797E+00  0.6583E-01
  0.663839897E+00 -0.1042E+00
  0.663885727E+00 -0.2159E+00
  0.663928734E+00 -0.2982E+00
  0.663971510E+00 -0.3605E+00
  0.664015657E+00 -0.4081E+00
  0.664062563E+00 -0.4441E+00
  0.664113753E+00 -0.4709E+00
  0.664171199E+00 -0.4902E+00
  0.664237786E+00 -0.5036E+00
  0.664318123E+00 -0.5123E+00
  0.664420097E+00 -0.5173E+00
  0.664557812E+00 -0.5196E+00
  0.664744538E+00 -0.5201E+00
  0.669159151E+00 -0.5151E+00
  0.726982065E+00 -0.4327E+00
  0.789017148E+00 -0.3388E+00
  0.856411997E+00 -0.2328E+00
  0.927001047E+00 -0.1190E+00
  0.100000000E+01  0.0000E+00
t= 0.600000E+00, nstep= 298, cpu=      .6
  0.000000000E+00  0.0000E+00
  0.143380300E+00  0.1970E+00
  0.283806611E+00  0.3892E+00
  0.418480906E+00  0.5721E+00
  0.543822728E+00  0.7401E+00
  0.658313515E+00  0.8909E+00
  0.728591912E+00  0.9808E+00
  0.728799957E+00  0.9805E+00
  0.728967808E+00  0.9791E+00
  0.729096817E+00  0.9760E+00
  0.729199612E+00  0.9706E+00
  0.729285186E+00  0.9622E+00
  0.729359092E+00  0.9501E+00
  0.729424807E+00  0.9334E+00
  0.729484653E+00  0.9111E+00
  0.729540347E+00  0.8819E+00
  0.729593330E+00  0.8445E+00
  0.729645013E+00  0.7966E+00
  0.729697082E+00  0.7351E+00
  0.729752180E+00  0.6543E+00
  0.729816580E+00  0.5399E+00
  0.730018907E+00  0.1205E+00
  0.730080081E+00  0.1051E-01
  0.730131646E+00 -0.6736E-01
  0.730179925E+00 -0.1273E+00
  0.730227382E+00 -0.1748E+00
  0.730275523E+00 -0.2126E+00
  0.730325553E+00 -0.2428E+00
  0.730378656E+00 -0.2667E+00
  0.730436175E+00 -0.2852E+00
  0.730499806E+00 -0.2994E+00
  0.730571854E+00 -0.3099E+00
  0.730655646E+00 -0.3172E+00
  0.730756259E+00 -0.3220E+00
  0.730881808E+00 -0.3248E+00
  0.731044016E+00 -0.3261E+00
  0.731248151E+00 -0.3264E+00
  0.741683619E+00 -0.3148E+00
  0.822485429E+00 -0.2174E+00
  0.908189784E+00 -0.1129E+00
  0.100000000E+01  0.0000E+00
t= 0.800000E+00, nstep= 332, cpu=      .7
  0.000000000E+00  0.0000E+00
  0.181252195E+00  0.1954E+00
  0.358486228E+00  0.3858E+00
  0.526114607E+00  0.5649E+00
  0.675096786E+00  0.7225E+00
  0.793261667E+00  0.8459E+00
  0.793501278E+00  0.8457E+00
  0.793689962E+00  0.8446E+00
  0.793839668E+00  0.8424E+00
  0.793961166E+00  0.8386E+00
  0.794063317E+00  0.8328E+00
  0.794152003E+00  0.8245E+00
  0.794231026E+00  0.8133E+00
  0.794302954E+00  0.7984E+00
  0.794369657E+00  0.7792E+00
  0.794432642E+00  0.7548E+00
  0.794493277E+00  0.7241E+00
  0.794552999E+00  0.6856E+00
  0.794613628E+00  0.6371E+00
  0.794678106E+00  0.5743E+00
  0.794753394E+00  0.4873E+00
  0.794997212E+00  0.1627E+00
  0.795067990E+00  0.8001E-01
  0.795128141E+00  0.1986E-01
  0.795184309E+00 -0.2728E-01
  0.795239211E+00 -0.6523E-01
  0.795294489E+00 -0.9608E-01
  0.795351413E+00 -0.1212E+00
  0.795411165E+00 -0.1415E+00
  0.795475009E+00 -0.1578E+00
  0.795544436E+00 -0.1706E+00
  0.795621341E+00 -0.1805E+00
  0.795708273E+00 -0.1878E+00
  0.795808851E+00 -0.1931E+00
  0.795928470E+00 -0.1965E+00
  0.796075246E+00 -0.1986E+00
  0.796259607E+00 -0.1996E+00
  0.796496435E+00 -0.1998E+00
  0.821778554E+00 -0.1758E+00
  0.908339125E+00 -0.9038E-01
  0.100000000E+01  0.0000E+00
t= 0.100000E+01, nstep= 350, cpu=      .7
  0.000000000E+00  0.0000E+00
  0.217153021E+00  0.1925E+00
  0.429630650E+00  0.3805E+00
  0.624173287E+00  0.5517E+00
  0.804559251E+00  0.7096E+00
  0.857271235E+00  0.7545E+00
  0.857555966E+00  0.7542E+00
  0.857772289E+00  0.7532E+00
  0.857945036E+00  0.7511E+00
  0.858086536E+00  0.7475E+00
  0.858206072E+00  0.7421E+00
  0.858309861E+00  0.7346E+00
  0.858402121E+00  0.7245E+00
  0.858485853E+00  0.7113E+00
  0.858563322E+00  0.6947E+00
  0.858636378E+00  0.6738E+00
  0.858706691E+00  0.6479E+00
  0.858775981E+00  0.6159E+00
  0.858846386E+00  0.5758E+00
  0.858921311E+00  0.5246E+00
  0.859008670E+00  0.4543E+00
  0.859293555E+00  0.1919E+00
  0.859374989E+00  0.1253E+00
  0.859444218E+00  0.7629E-01
  0.859508573E+00  0.3754E-01
  0.859571080E+00  0.6068E-02
  0.859633521E+00 -0.1977E-01
  0.859697209E+00 -0.4102E-01
  0.859763293E+00 -0.5846E-01
  0.859832934E+00 -0.7266E-01
  0.859907438E+00 -0.8408E-01
  0.859988401E+00 -0.9312E-01
  0.860077887E+00 -0.1001E+00
  0.860178661E+00 -0.1054E+00
  0.860294523E+00 -0.1092E+00
  0.860430802E+00 -0.1117E+00
  0.860595006E+00 -0.1132E+00
  0.860796472E+00 -0.1139E+00
  0.861065002E+00 -0.1142E+00
  0.926801103E+00 -0.6035E-01
  0.100000000E+01  0.0000E+00
t= 0.120000E+01, nstep= 366, cpu=      .8
  0.000000000E+00  0.0000E+00
  0.251141785E+00  0.1891E+00
  0.496882708E+00  0.3739E+00
  0.714971217E+00  0.5371E+00
  0.920889407E+00  0.6906E+00
  0.921201459E+00  0.6904E+00
  0.921426204E+00  0.6897E+00
  0.921610607E+00  0.6882E+00
  0.921765594E+00  0.6859E+00
  0.921899478E+00  0.6823E+00
  0.922017787E+00  0.6773E+00
  0.922124251E+00  0.6704E+00
  0.922221558E+00  0.6614E+00
  0.922311790E+00  0.6499E+00
  0.922396676E+00  0.6355E+00
  0.922477763E+00  0.6175E+00
  0.922556581E+00  0.5952E+00
  0.922634841E+00  0.5678E+00
  0.922714817E+00  0.5337E+00
  0.922800290E+00  0.4902E+00
  0.922900191E+00  0.4309E+00
  0.923226885E+00  0.2102E+00
  0.923319752E+00  0.1544E+00
  0.923398876E+00  0.1130E+00
  0.923472448E+00  0.8010E-01
  0.923543909E+00  0.5322E-01
  0.923615298E+00  0.3102E-01
  0.923688128E+00  0.1263E-01
  0.923763725E+00 -0.2571E-02
  0.923843416E+00 -0.1504E-01
  0.923928663E+00 -0.2514E-01
  0.924021204E+00 -0.3320E-01
  0.924123229E+00 -0.3948E-01
  0.924237637E+00 -0.4423E-01
  0.924368421E+00 -0.4767E-01
  0.924521219E+00 -0.5001E-01
  0.924703929E+00 -0.5145E-01
  0.924927229E+00 -0.5219E-01
  0.925231690E+00 -0.5244E-01
  0.942871634E+00 -0.4068E-01
  0.100000000E+01  0.0000E+00
t= 0.140000E+01, nstep= 386, cpu=      .8
  0.000000000E+00  0.0000E+00
  0.277533976E+00  0.1817E+00
  0.548485536E+00  0.3587E+00
  0.789239238E+00  0.5156E+00
  0.984299232E+00  0.6419E+00
  0.984655370E+00  0.6417E+00
  0.984909642E+00  0.6409E+00
  0.985117244E+00  0.6394E+00
  0.985291092E+00  0.6369E+00
  0.985440193E+00  0.6334E+00
  0.985570935E+00  0.6284E+00
  0.985687860E+00  0.6219E+00
  0.985794300E+00  0.6136E+00
  0.985892821E+00  0.6030E+00
  0.985985506E+00  0.5900E+00
  0.986074178E+00  0.5741E+00
  0.986160592E+00  0.5546E+00
  0.986246675E+00  0.5309E+00
  0.986334955E+00  0.5015E+00
  0.986429628E+00  0.4643E+00
  0.986540592E+00  0.4137E+00
  0.986905099E+00  0.2259E+00
  0.987008329E+00  0.1782E+00
  0.987095969E+00  0.1426E+00
  0.987177029E+00  0.1143E+00
  0.987255256E+00  0.9097E-01
  0.987332811E+00  0.7163E-01
  0.987411221E+00  0.5549E-01
  0.987491755E+00  0.4205E-01
  0.987575616E+00  0.3091E-01
  0.987664070E+00  0.2175E-01
  0.987758565E+00  0.1430E-01
  0.987860860E+00  0.8335E-02
  0.987973190E+00  0.3663E-02
  0.988098471E+00  0.1038E-03
  0.988240572E+00 -0.2501E-02
  0.988404667E+00 -0.4297E-02
  0.988597651E+00 -0.5428E-02
  0.988829692E+00 -0.6034E-02
  0.989151440E+00 -0.6267E-02
  0.100000000E+01  0.0000E+00
t= 0.142600E+01, nstep= 388, cpu=      .8
  0.000000000E+00  0.0000E+00
  0.281059765E+00  0.1809E+00
  0.555364555E+00  0.3572E+00
  0.799520547E+00  0.5136E+00
  0.992528429E+00  0.6365E+00
  0.992889881E+00  0.6362E+00
  0.993147098E+00  0.6355E+00
  0.993357155E+00  0.6340E+00
  0.993533199E+00  0.6315E+00
  0.993684289E+00  0.6280E+00
  0.993816848E+00  0.6231E+00
  0.993935451E+00  0.6167E+00
  0.994043455E+00  0.6085E+00
  0.994143442E+00  0.5981E+00
  0.994237514E+00  0.5853E+00
  0.994327512E+00  0.5696E+00
  0.994415212E+00  0.5504E+00
  0.994502569E+00  0.5270E+00
  0.994592151E+00  0.4982E+00
  0.994688219E+00  0.4616E+00
  0.994800809E+00  0.4119E+00
  0.995170403E+00  0.2276E+00
  0.995274944E+00  0.1809E+00
  0.995363657E+00  0.1460E+00
  0.995445660E+00  0.1181E+00
  0.995524747E+00  0.9526E-01
  0.995603099E+00  0.7624E-01
  0.995682253E+00  0.6036E-01
  0.995763485E+00  0.4712E-01
  0.995847994E+00  0.3612E-01
  0.995937035E+00  0.2705E-01
  0.996032024E+00  0.1967E-01
  0.996134650E+00  0.1375E-01
  0.996247003E+00  0.9103E-02
  0.996371721E+00  0.5550E-02
  0.996512168E+00  0.2938E-02
  0.996672593E+00  0.1122E-02
  0.996858164E+00 -0.3911E-04
  0.997075503E+00 -0.6879E-03
  0.997354696E+00 -0.9746E-03
  0.100000000E+01  0.0000E+00
t= 0.142800E+01, nstep= 388, cpu=      .8
  0.000000000E+00  0.0000E+00
  0.281336294E+00  0.1808E+00
  0.555901572E+00  0.3571E+00
  0.800317498E+00  0.5135E+00
  0.993161360E+00  0.6361E+00
  0.993523216E+00  0.6358E+00
  0.993780654E+00  0.6350E+00
  0.993990897E+00  0.6336E+00
  0.994167107E+00  0.6311E+00
  0.994318347E+00  0.6276E+00
  0.994451044E+00  0.6227E+00
  0.994569774E+00  0.6163E+00
  0.994677897E+00  0.6081E+00
  0.994777995E+00  0.5977E+00
  0.994872172E+00  0.5849E+00
  0.994962270E+00  0.5692E+00
  0.995050068E+00  0.5501E+00
  0.995137522E+00  0.5267E+00
  0.995227203E+00  0.4979E+00
  0.995323375E+00  0.4614E+00
  0.995436087E+00  0.4118E+00
  0.995806047E+00  0.2278E+00
  0.995910675E+00  0.1811E+00
  0.995999453E+00  0.1463E+00
  0.996081510E+00  0.1185E+00
  0.996160640E+00  0.9561E-01
  0.996239023E+00  0.7661E-01
  0.996318197E+00  0.6075E-01
  0.996399432E+00  0.4752E-01
  0.996483923E+00  0.3653E-01
  0.996572914E+00  0.2747E-01
  0.996667804E+00  0.2010E-01
  0.996770252E+00  0.1418E-01
  0.996882292E+00  0.9532E-02
  0.997006464E+00  0.5978E-02
  0.997145936E+00  0.3363E-02
  0.997304571E+00  0.1543E-02
  0.997486717E+00  0.3742E-03
  0.997697152E+00 -0.2855E-03
  0.997959755E+00 -0.5892E-03
  0.100000000E+01  0.0000E+00
t= 0.143000E+01, nstep= 388, cpu=      .8
  0.000000000E+00  0.0000E+00
  0.281613250E+00  0.1808E+00
  0.556439259E+00  0.3569E+00
  0.801115236E+00  0.5133E+00
  0.993794274E+00  0.6357E+00
  0.994156531E+00  0.6354E+00
  0.994414191E+00  0.6346E+00
  0.994624618E+00  0.6331E+00
  0.994800994E+00  0.6307E+00
  0.994952384E+00  0.6272E+00
  0.995085218E+00  0.6223E+00
  0.995204075E+00  0.6159E+00
  0.995312315E+00  0.6077E+00
  0.995412524E+00  0.5974E+00
  0.995506806E+00  0.5846E+00
  0.995597004E+00  0.5689E+00
  0.995684899E+00  0.5498E+00
  0.995772449E+00  0.5264E+00
  0.995862228E+00  0.4977E+00
  0.995958504E+00  0.4612E+00
  0.996071337E+00  0.4117E+00
  0.996441653E+00  0.2279E+00
  0.996546362E+00  0.1813E+00
  0.996635201E+00  0.1465E+00
  0.996717305E+00  0.1188E+00
  0.996796470E+00  0.9595E-01
  0.996874875E+00  0.7698E-01
  0.996954055E+00  0.6114E-01
  0.997035276E+00  0.4792E-01
  0.997119726E+00  0.3694E-01
  0.997208634E+00  0.2790E-01
  0.997303378E+00  0.2053E-01
  0.997405577E+00  0.1461E-01
  0.997517197E+00  0.9964E-02
  0.997640645E+00  0.6409E-02
  0.997778840E+00  0.3791E-02
  0.997935139E+00  0.1965E-02
  0.998112809E+00  0.7877E-03
  0.998314175E+00  0.1143E-03
  0.998555254E+00 -0.2108E-03
  0.100000000E+01  0.0000E+00
t= 0.143200E+01, nstep= 389, cpu=      .8
  0.000000000E+00  0.0000E+00
  0.281890561E+00  0.1807E+00
  0.556977527E+00  0.3568E+00
  0.801913755E+00  0.5132E+00
  0.994427175E+00  0.6353E+00
  0.994789833E+00  0.6350E+00
  0.995047713E+00  0.6342E+00
  0.995258324E+00  0.6327E+00
  0.995434864E+00  0.6303E+00
  0.995586403E+00  0.6268E+00
  0.995719373E+00  0.6220E+00
  0.995838355E+00  0.6155E+00
  0.995946712E+00  0.6073E+00
  0.996047031E+00  0.5970E+00
  0.996141417E+00  0.5842E+00
  0.996231715E+00  0.5686E+00
  0.996319706E+00  0.5495E+00
  0.996407351E+00  0.5262E+00
  0.996497226E+00  0.4974E+00
  0.996593605E+00  0.4610E+00
  0.996706556E+00  0.4116E+00
  0.997077215E+00  0.2281E+00
  0.997181999E+00  0.1815E+00
  0.997270891E+00  0.1468E+00
  0.997353032E+00  0.1191E+00
  0.997432219E+00  0.9629E-01
  0.997510629E+00  0.7735E-01
  0.997589793E+00  0.6153E-01
  0.997670971E+00  0.4832E-01
  0.997755336E+00  0.3736E-01
  0.997844099E+00  0.2832E-01
  0.997938603E+00  0.2096E-01
  0.998040407E+00  0.1504E-01
  0.998151365E+00  0.1039E-01
  0.998273677E+00  0.6837E-02
  0.998409845E+00  0.4215E-02
  0.998562353E+00  0.2381E-02
  0.998732554E+00  0.1191E-02
  0.998918513E+00  0.4979E-03
  0.999124419E+00  0.1416E-03
  0.100000000E+01  0.0000E+00
t= 0.143400E+01, nstep= 390, cpu=      .8
  0.000000000E+00  0.0000E+00
  0.282168164E+00  0.1807E+00
  0.557516296E+00  0.3567E+00
  0.802713053E+00  0.5130E+00
  0.995060065E+00  0.6349E+00
  0.995423126E+00  0.6346E+00
  0.995681226E+00  0.6338E+00
  0.995892020E+00  0.6323E+00
  0.996068723E+00  0.6299E+00
  0.996220411E+00  0.6264E+00
  0.996353515E+00  0.6216E+00
  0.996472622E+00  0.6152E+00
  0.996581095E+00  0.6069E+00
  0.996681522E+00  0.5966E+00
  0.996776011E+00  0.5839E+00
  0.996866408E+00  0.5682E+00
  0.996954494E+00  0.5492E+00
  0.997042233E+00  0.5259E+00
  0.997132204E+00  0.4972E+00
  0.997228685E+00  0.4608E+00
  0.997341752E+00  0.4114E+00
  0.997712740E+00  0.2282E+00
  0.997817591E+00  0.1817E+00
  0.997906528E+00  0.1471E+00
  0.997988696E+00  0.1194E+00
  0.998067892E+00  0.9662E-01
  0.998146289E+00  0.7770E-01
  0.998225412E+00  0.6190E-01
  0.998306508E+00  0.4871E-01
  0.998390731E+00  0.3775E-01
  0.998479261E+00  0.2872E-01
  0.998573383E+00  0.2136E-01
  0.998674552E+00  0.1545E-01
  0.998784429E+00  0.1080E-01
  0.998904825E+00  0.7238E-02
  0.999037439E+00  0.4609E-02
  0.999182997E+00  0.2763E-02
  0.999339002E+00  0.1554E-02
  0.999495833E+00  0.8317E-03
  0.999641989E+00  0.4314E-03
  0.100000000E+01  0.0000E+00
t= 0.143600E+01, nstep= 399, cpu=      .8
  0.000000000E+00  0.0000E+00
  0.282446034E+00  0.1806E+00
  0.558055539E+00  0.3566E+00
  0.803513149E+00  0.5129E+00
  0.995692947E+00  0.6345E+00
  0.996056439E+00  0.6342E+00
  0.996314770E+00  0.6334E+00
  0.996525752E+00  0.6319E+00
  0.996702621E+00  0.6295E+00
  0.996854457E+00  0.6260E+00
  0.996987697E+00  0.6212E+00
  0.997106927E+00  0.6148E+00
  0.997215515E+00  0.6065E+00
  0.997316051E+00  0.5962E+00
  0.997410642E+00  0.5835E+00
  0.997501136E+00  0.5679E+00
  0.997589317E+00  0.5488E+00
  0.997677150E+00  0.5256E+00
  0.997767218E+00  0.4969E+00
  0.997863801E+00  0.4605E+00
  0.997976989E+00  0.4112E+00
  0.998348346E+00  0.2282E+00
  0.998453287E+00  0.1818E+00
  0.998542293E+00  0.1472E+00
  0.998624515E+00  0.1195E+00
  0.998703747E+00  0.9680E-01
  0.998782158E+00  0.7790E-01
  0.998861258E+00  0.6211E-01
  0.998942274E+00  0.4893E-01
  0.999026315E+00  0.3798E-01
  0.999114475E+00  0.2896E-01
  0.999207861E+00  0.2159E-01
  0.999307545E+00  0.1568E-01
  0.999414305E+00  0.1103E-01
  0.999527866E+00  0.7456E-02
  0.999645104E+00  0.4811E-02
  0.999757377E+00  0.2939E-02
  0.999850919E+00  0.1692E-02
  0.999916097E+00  0.9264E-03
  0.999955990E+00  0.4817E-03
  0.100000000E+01  0.0000E+00
t= 0.143800E+01, nstep= 405, cpu=      .9
  0.000000000E+00  0.0000E+00
  0.282724124E+00  0.1806E+00
  0.558595198E+00  0.3565E+00
  0.804314017E+00  0.5127E+00
  0.996325804E+00  0.6341E+00
  0.996689706E+00  0.6338E+00
  0.996948258E+00  0.6330E+00
  0.997159419E+00  0.6315E+00
  0.997336445E+00  0.6291E+00
  0.997488421E+00  0.6256E+00
  0.997621786E+00  0.6208E+00
  0.997741130E+00  0.6144E+00
  0.997849823E+00  0.6062E+00
  0.997950455E+00  0.5959E+00
  0.998045134E+00  0.5831E+00
  0.998135711E+00  0.5675E+00
  0.998223967E+00  0.5485E+00
  0.998311871E+00  0.5253E+00
  0.998402002E+00  0.4966E+00
  0.998498642E+00  0.4603E+00
  0.998611872E+00  0.4111E+00
  0.998982651E+00  0.2283E+00
  0.999086933E+00  0.1819E+00
  0.999174987E+00  0.1474E+00
  0.999255799E+00  0.1197E+00
  0.999332911E+00  0.9702E-01
  0.999408095E+00  0.7814E-01
  0.999482225E+00  0.6236E-01
  0.999555520E+00  0.4919E-01
  0.999627537E+00  0.3824E-01
  0.999697096E+00  0.2921E-01
  0.999762305E+00  0.2183E-01
  0.999820893E+00  0.1589E-01
  0.999870899E+00  0.1120E-01
  0.999911327E+00  0.7598E-02
  0.999942255E+00  0.4914E-02
  0.999964539E+00  0.3007E-02
  0.999979520E+00  0.1733E-02
  0.999988774E+00  0.9492E-03
  0.999994160E+00  0.4938E-03
  0.100000000E+01  0.0000E+00
t= 0.144000E+01, nstep= 412, cpu=      .9
  0.000000000E+00  0.0000E+00
  0.283002477E+00  0.1805E+00
  0.559135349E+00  0.3564E+00
  0.805115819E+00  0.5126E+00
  0.996958664E+00  0.6337E+00
  0.997323233E+00  0.6334E+00
  0.997582101E+00  0.6326E+00
  0.997793451E+00  0.6311E+00
  0.997970591E+00  0.6287E+00
  0.998122618E+00  0.6252E+00
  0.998255976E+00  0.6203E+00
  0.998375250E+00  0.6139E+00
  0.998483804E+00  0.6057E+00
  0.998584216E+00  0.5954E+00
  0.998678579E+00  0.5826E+00
  0.998768712E+00  0.5670E+00
  0.998856357E+00  0.5480E+00
  0.998943406E+00  0.5247E+00
  0.999032308E+00  0.4960E+00
  0.999127058E+00  0.4597E+00
  0.999236934E+00  0.4104E+00
  0.999572219E+00  0.2280E+00
  0.999654225E+00  0.1818E+00
  0.999716758E+00  0.1473E+00
  0.999767865E+00  0.1197E+00
  0.999810660E+00  0.9703E-01
  0.999846788E+00  0.7818E-01
  0.999877306E+00  0.6241E-01
  0.999902991E+00  0.4925E-01
  0.999924465E+00  0.3829E-01
  0.999942253E+00  0.2925E-01
  0.999956812E+00  0.2187E-01
  0.999968545E+00  0.1592E-01
  0.999977817E+00  0.1123E-01
  0.999984956E+00  0.7612E-02
  0.999990269E+00  0.4924E-02
  0.999994044E+00  0.3013E-02
  0.999996567E+00  0.1737E-02
  0.999998120E+00  0.9510E-03
  0.999999023E+00  0.4945E-03
  0.100000000E+01  0.0000E+00
t= 0.144200E+01, nstep= 417, cpu=      .9
  0.000000000E+00  0.0000E+00
  0.283281438E+00  0.1805E+00
  0.559676628E+00  0.3563E+00
  0.805919906E+00  0.5125E+00
  0.997591527E+00  0.6333E+00
  0.997958285E+00  0.6330E+00
  0.998216780E+00  0.6322E+00
  0.998426025E+00  0.6307E+00
  0.998599498E+00  0.6282E+00
  0.998746297E+00  0.6246E+00
  0.998872832E+00  0.6197E+00
  0.998983648E+00  0.6131E+00
  0.999082060E+00  0.6048E+00
  0.999170578E+00  0.5942E+00
  0.999251187E+00  0.5813E+00
  0.999325535E+00  0.5653E+00
  0.999395076E+00  0.5459E+00
  0.999461216E+00  0.5223E+00
  0.999525535E+00  0.4931E+00
  0.999590276E+00  0.4562E+00
  0.999660169E+00  0.4062E+00
  0.999833125E+00  0.2279E+00
  0.999869540E+00  0.1817E+00
  0.999895480E+00  0.1472E+00
  0.999915657E+00  0.1197E+00
  0.999931951E+00  0.9702E-01
  0.999945353E+00  0.7816E-01
  0.999956467E+00  0.6241E-01
  0.999965701E+00  0.4924E-01
  0.999973354E+00  0.3829E-01
  0.999979656E+00  0.2925E-01
  0.999984794E+00  0.2187E-01
  0.999988927E+00  0.1592E-01
  0.999992189E+00  0.1123E-01
  0.999994700E+00  0.7615E-02
  0.999996570E+00  0.4926E-02
  0.999997899E+00  0.3015E-02
  0.999998788E+00  0.1738E-02
  0.999999336E+00  0.9520E-03
  0.999999656E+00  0.4947E-03
  0.100000000E+01  0.0000E+00
t= 0.144400E+01, nstep= 421, cpu=      .9
  0.000000000E+00  0.0000E+00
  0.283554930E+00  0.1804E+00
  0.560206780E+00  0.3562E+00
  0.806707667E+00  0.5123E+00
  0.998191136E+00  0.6328E+00
  0.998535700E+00  0.6325E+00
  0.998754543E+00  0.6317E+00
  0.998917795E+00  0.6301E+00
  0.999044610E+00  0.6276E+00
  0.999146711E+00  0.6239E+00
  0.999231666E+00  0.6189E+00
  0.999304411E+00  0.6122E+00
  0.999368239E+00  0.6036E+00
  0.999425427E+00  0.5928E+00
  0.999477628E+00  0.5795E+00
  0.999526119E+00  0.5632E+00
  0.999571972E+00  0.5434E+00
  0.999616192E+00  0.5193E+00
  0.999659893E+00  0.4895E+00
  0.999704669E+00  0.4520E+00
  0.999753915E+00  0.4012E+00
  0.999875557E+00  0.2279E+00
  0.999902509E+00  0.1817E+00
  0.999921797E+00  0.1473E+00
  0.999936840E+00  0.1197E+00
  0.999949009E+00  0.9707E-01
  0.999959028E+00  0.7822E-01
  0.999967345E+00  0.6246E-01
  0.999974260E+00  0.4929E-01
  0.999979996E+00  0.3834E-01
  0.999984724E+00  0.2929E-01
  0.999988581E+00  0.2190E-01
  0.999991685E+00  0.1595E-01
  0.999994136E+00  0.1125E-01
  0.999996022E+00  0.7635E-02
  0.999997426E+00  0.4942E-02
  0.999998424E+00  0.3027E-02
  0.999999090E+00  0.1747E-02
  0.999999501E+00  0.9568E-03
  0.999999741E+00  0.4963E-03
  0.100000000E+01  0.0000E+00
t= 0.144600E+01, nstep= 425, cpu=      .9
  0.000000000E+00  0.0000E+00
  0.283783802E+00  0.1803E+00
  0.560646298E+00  0.3560E+00
  0.807361732E+00  0.5121E+00
  0.998527734E+00  0.6323E+00
  0.998776246E+00  0.6319E+00
  0.998932298E+00  0.6311E+00
  0.999051587E+00  0.6295E+00
  0.999147774E+00  0.6269E+00
  0.999228296E+00  0.6232E+00
  0.999297706E+00  0.6180E+00
  0.999358937E+00  0.6112E+00
  0.999413986E+00  0.6024E+00
  0.999464297E+00  0.5915E+00
  0.999510977E+00  0.5780E+00
  0.999554941E+00  0.5614E+00
  0.999596998E+00  0.5413E+00
  0.999637956E+00  0.5167E+00
  0.999678769E+00  0.4865E+00
  0.999720877E+00  0.4484E+00
  0.999767451E+00  0.3970E+00
  0.999880424E+00  0.2279E+00
  0.999906268E+00  0.1818E+00
  0.999924787E+00  0.1473E+00
  0.999939240E+00  0.1198E+00
  0.999950937E+00  0.9712E-01
  0.999960571E+00  0.7827E-01
  0.999968569E+00  0.6251E-01
  0.999975221E+00  0.4934E-01
  0.999980738E+00  0.3838E-01
  0.999985287E+00  0.2933E-01
  0.999988998E+00  0.2194E-01
  0.999991985E+00  0.1598E-01
  0.999994344E+00  0.1128E-01
  0.999996160E+00  0.7658E-02
  0.999997513E+00  0.4961E-02
  0.999998475E+00  0.3042E-02
  0.999999119E+00  0.1757E-02
  0.999999517E+00  0.9634E-03
  0.999999750E+00  0.4982E-03
  0.100000000E+01  0.0000E+00
t= 0.144800E+01, nstep= 427, cpu=      .9
  0.000000000E+00  0.0000E+00
  0.283971112E+00  0.1802E+00
  0.561000283E+00  0.3558E+00
  0.807896657E+00  0.5118E+00
  0.998586063E+00  0.6315E+00
  0.998801054E+00  0.6312E+00
  0.998949785E+00  0.6303E+00
  0.999064699E+00  0.6287E+00
  0.999158132E+00  0.6261E+00
  0.999236864E+00  0.6223E+00
  0.999305052E+00  0.6170E+00
  0.999365405E+00  0.6101E+00
  0.999419799E+00  0.6012E+00
  0.999469603E+00  0.5901E+00
  0.999515882E+00  0.5764E+00
  0.999559516E+00  0.5596E+00
  0.999601297E+00  0.5391E+00
  0.999642018E+00  0.5143E+00
  0.999682621E+00  0.4837E+00
  0.999724532E+00  0.4451E+00
  0.999770883E+00  0.3932E+00
  0.999880684E+00  0.2279E+00
  0.999906461E+00  0.1818E+00
  0.999924940E+00  0.1473E+00
  0.999939363E+00  0.1198E+00
  0.999951035E+00  0.9712E-01
  0.999960649E+00  0.7827E-01
  0.999968631E+00  0.6251E-01
  0.999975269E+00  0.4934E-01
  0.999980776E+00  0.3838E-01
  0.999985314E+00  0.2933E-01
  0.999989019E+00  0.2194E-01
  0.999991999E+00  0.1599E-01
  0.999994353E+00  0.1128E-01
  0.999996166E+00  0.7659E-02
  0.999997515E+00  0.4961E-02
  0.999998476E+00  0.3042E-02
  0.999999119E+00  0.1758E-02
  0.999999516E+00  0.9643E-03
  0.999999750E+00  0.4985E-03
  0.100000000E+01  0.0000E+00
t= 0.145000E+01, nstep= 429, cpu=      .9
  0.000000000E+00  0.0000E+00
  0.284150131E+00  0.1801E+00
  0.561337027E+00  0.3555E+00
  0.808408683E+00  0.5114E+00
  0.998584113E+00  0.6307E+00
  0.998798199E+00  0.6304E+00
  0.998948809E+00  0.6295E+00
  0.999064794E+00  0.6279E+00
  0.999158806E+00  0.6252E+00
  0.999237883E+00  0.6214E+00
  0.999306296E+00  0.6160E+00
  0.999366811E+00  0.6090E+00
  0.999421329E+00  0.6000E+00
  0.999471234E+00  0.5888E+00
  0.999517598E+00  0.5748E+00
  0.999561310E+00  0.5578E+00
  0.999603161E+00  0.5371E+00
  0.999643950E+00  0.5119E+00
  0.999684618E+00  0.4810E+00
  0.999726589E+00  0.4420E+00
  0.999772975E+00  0.3897E+00
  0.999880390E+00  0.2278E+00
  0.999906221E+00  0.1818E+00
  0.999924744E+00  0.1473E+00
  0.999939202E+00  0.1198E+00
  0.999950904E+00  0.9714E-01
  0.999960542E+00  0.7829E-01
  0.999968543E+00  0.6253E-01
  0.999975198E+00  0.4936E-01
  0.999980718E+00  0.3840E-01
  0.999985268E+00  0.2935E-01
  0.999988982E+00  0.2196E-01
  0.999991971E+00  0.1600E-01
  0.999994332E+00  0.1129E-01
  0.999996150E+00  0.7670E-02
  0.999997504E+00  0.4971E-02
  0.999998468E+00  0.3050E-02
  0.999999114E+00  0.1764E-02
  0.999999514E+00  0.9674E-03
  0.999999750E+00  0.4989E-03
  0.100000000E+01  0.0000E+00
t= 0.145200E+01, nstep= 430, cpu=      .9
  0.000000000E+00  0.0000E+00
  0.284328959E+00  0.1800E+00
  0.561673344E+00  0.3553E+00
  0.808920314E+00  0.5111E+00
  0.998580835E+00  0.6299E+00
  0.998795319E+00  0.6296E+00
  0.998947337E+00  0.6287E+00
  0.999064346E+00  0.6271E+00
  0.999158978E+00  0.6244E+00
  0.999238450E+00  0.6205E+00
  0.999307132E+00  0.6151E+00
  0.999367843E+00  0.6080E+00
  0.999422514E+00  0.5989E+00
  0.999472543E+00  0.5875E+00
  0.999519013E+00  0.5734E+00
  0.999562818E+00  0.5562E+00
  0.999604756E+00  0.5352E+00
  0.999645625E+00  0.5098E+00
  0.999686369E+00  0.4785E+00
  0.999728409E+00  0.4392E+00
  0.999774840E+00  0.3864E+00
  0.999880095E+00  0.2278E+00
  0.999905988E+00  0.1818E+00
  0.999924561E+00  0.1473E+00
  0.999939058E+00  0.1198E+00
  0.999950791E+00  0.9714E-01
  0.999960455E+00  0.7829E-01
  0.999968478E+00  0.6252E-01
  0.999975150E+00  0.4936E-01
  0.999980684E+00  0.3840E-01
  0.999985246E+00  0.2935E-01
  0.999988968E+00  0.2195E-01
  0.999991964E+00  0.1600E-01
  0.999994330E+00  0.1129E-01
  0.999996151E+00  0.7668E-02
  0.999997507E+00  0.4969E-02
  0.999998471E+00  0.3048E-02
  0.999999117E+00  0.1762E-02
  0.999999515E+00  0.9667E-03
  0.999999749E+00  0.4988E-03
  0.100000000E+01  0.0000E+00
t= 0.145400E+01, nstep= 431, cpu=      .9
  0.000000000E+00  0.0000E+00
  0.284508215E+00  0.1799E+00
  0.562010463E+00  0.3551E+00
  0.809433531E+00  0.5108E+00
  0.998578655E+00  0.6291E+00
  0.998793460E+00  0.6288E+00
  0.998946347E+00  0.6279E+00
  0.999064103E+00  0.6263E+00
  0.999159226E+00  0.6235E+00
  0.999239026E+00  0.6196E+00
  0.999307937E+00  0.6141E+00
  0.999368818E+00  0.6070E+00
  0.999423621E+00  0.5977E+00
  0.999473760E+00  0.5862E+00
  0.999520324E+00  0.5720E+00
  0.999564213E+00  0.5546E+00
  0.999606227E+00  0.5334E+00
  0.999647168E+00  0.5077E+00
  0.999687980E+00  0.4761E+00
  0.999730082E+00  0.4365E+00
  0.999776547E+00  0.3834E+00
  0.999879791E+00  0.2278E+00
  0.999905745E+00  0.1817E+00
  0.999924367E+00  0.1473E+00
  0.999938903E+00  0.1198E+00
  0.999950667E+00  0.9713E-01
  0.999960357E+00  0.7828E-01
  0.999968401E+00  0.6252E-01
  0.999975090E+00  0.4935E-01
  0.999980639E+00  0.3839E-01
  0.999985213E+00  0.2934E-01
  0.999988945E+00  0.2194E-01
  0.999991948E+00  0.1599E-01
  0.999994319E+00  0.1128E-01
  0.999996145E+00  0.7660E-02
  0.999997504E+00  0.4962E-02
  0.999998470E+00  0.3043E-02
  0.999999116E+00  0.1759E-02
  0.999999515E+00  0.9649E-03
  0.999999749E+00  0.4988E-03
  0.100000000E+01  0.0000E+00
t= 0.200000E+01, nstep= 454, cpu=     1.0
  0.000000000E+00  0.0000E+00
  0.351311796E+00  0.1652E+00
  0.684676983E+00  0.3215E+00
  0.976860644E+00  0.4590E+00
  0.998177604E+00  0.4684E+00
  0.998439752E+00  0.4681E+00
  0.998623295E+00  0.4674E+00
  0.998769147E+00  0.4661E+00
  0.998889665E+00  0.4640E+00
  0.998992223E+00  0.4609E+00
  0.999081583E+00  0.4568E+00
  0.999160962E+00  0.4513E+00
  0.999232629E+00  0.4444E+00
  0.999298253E+00  0.4357E+00
  0.999359111E+00  0.4252E+00
  0.999416225E+00  0.4125E+00
  0.999470454E+00  0.3972E+00
  0.999522568E+00  0.3792E+00
  0.999573317E+00  0.3578E+00
  0.999623529E+00  0.3324E+00
  0.999674304E+00  0.3021E+00
  0.999728219E+00  0.2644E+00
  0.999777374E+00  0.2251E+00
  0.999819521E+00  0.1877E+00
  0.999854275E+00  0.1545E+00
  0.999882710E+00  0.1260E+00
  0.999906058E+00  0.1018E+00
  0.999925317E+00  0.8141E-01
  0.999941238E+00  0.6430E-01
  0.999954382E+00  0.5005E-01
  0.999965180E+00  0.3826E-01
  0.999973972E+00  0.2863E-01
  0.999981037E+00  0.2087E-01
  0.999986613E+00  0.1474E-01
  0.999990905E+00  0.1001E-01
  0.999994101E+00  0.6496E-02
  0.999996377E+00  0.3990E-02
  0.999997903E+00  0.2309E-02
  0.999998850E+00  0.1266E-02
  0.999999409E+00  0.6504E-03
  0.100000000E+01  0.0000E+00
t= 0.400000E+01, nstep= 495, cpu=     1.1
  0.000000000E+00  0.0000E+00
  0.428436373E+00  0.1037E+00
  0.812034779E+00  0.1969E+00
  0.996684967E+00  0.2411E+00
  0.997120218E+00  0.2409E+00
  0.997378553E+00  0.2406E+00
  0.997582606E+00  0.2401E+00
  0.997757009E+00  0.2394E+00
  0.997910718E+00  0.2385E+00
  0.998048542E+00  0.2374E+00
  0.998173661E+00  0.2359E+00
  0.998288388E+00  0.2341E+00
  0.998394498E+00  0.2320E+00
  0.998493390E+00  0.2294E+00
  0.998586200E+00  0.2265E+00
  0.998673865E+00  0.2230E+00
  0.998757177E+00  0.2190E+00
  0.998836820E+00  0.2145E+00
  0.998913399E+00  0.2093E+00
  0.998987467E+00  0.2034E+00
  0.999059544E+00  0.1968E+00
  0.999130142E+00  0.1893E+00
  0.999199796E+00  0.1809E+00
  0.999269096E+00  0.1714E+00
  0.999338729E+00  0.1607E+00
  0.999409494E+00  0.1484E+00
  0.999482196E+00  0.1344E+00
  0.999557203E+00  0.1185E+00
  0.999633424E+00  0.1008E+00
  0.999707348E+00  0.8225E-01
  0.999774236E+00  0.6448E-01
  0.999830987E+00  0.4879E-01
  0.999877071E+00  0.3572E-01
  0.999913397E+00  0.2526E-01
  0.999941265E+00  0.1716E-01
  0.999961956E+00  0.1113E-01
  0.999976658E+00  0.6830E-02
  0.999986502E+00  0.3951E-02
  0.999992599E+00  0.2166E-02
  0.999996188E+00  0.1116E-02
  0.100000000E+01  0.0000E+00
t= 0.600000E+01, nstep= 518, cpu=     1.2
  0.000000000E+00  0.0000E+00
  0.565238949E+00  0.9210E-01
  0.995292716E+00  0.1626E+00
  0.995923103E+00  0.1625E+00
  0.996265720E+00  0.1622E+00
  0.996523090E+00  0.1619E+00
  0.996738050E+00  0.1614E+00
  0.996926691E+00  0.1609E+00
  0.997096841E+00  0.1603E+00
  0.997252962E+00  0.1595E+00
  0.997397879E+00  0.1585E+00
  0.997533538E+00  0.1575E+00
  0.997661368E+00  0.1562E+00
  0.997782478E+00  0.1547E+00
  0.997897763E+00  0.1530E+00
  0.998007972E+00  0.1511E+00
  0.998113753E+00  0.1489E+00
  0.998215675E+00  0.1465E+00
  0.998314253E+00  0.1438E+00
  0.998409961E+00  0.1407E+00
  0.998503249E+00  0.1373E+00
  0.998594552E+00  0.1335E+00
  0.998684303E+00  0.1293E+00
  0.998772953E+00  0.1246E+00
  0.998860984E+00  0.1194E+00
  0.998948941E+00  0.1137E+00
  0.999037477E+00  0.1073E+00
  0.999127419E+00  0.1001E+00
  0.999219874E+00  0.9203E-01
  0.999316312E+00  0.8285E-01
  0.999418334E+00  0.7231E-01
  0.999526315E+00  0.6028E-01
  0.999636115E+00  0.4721E-01
  0.999737432E+00  0.3454E-01
  0.999820808E+00  0.2376E-01
  0.999883895E+00  0.1546E-01
  0.999928814E+00  0.9496E-02
  0.999958853E+00  0.5493E-02
  0.999977442E+00  0.3012E-02
  0.999988380E+00  0.1552E-02
  0.100000000E+01  0.0000E+00
t= 0.800000E+01, nstep= 532, cpu=     1.2
  0.000000000E+00  0.0000E+00
  0.559572783E+00  0.6875E-01
  0.994009947E+00  0.1221E+00
  0.994832875E+00  0.1219E+00
  0.995270012E+00  0.1217E+00
  0.995587217E+00  0.1213E+00
  0.995847893E+00  0.1210E+00
  0.996075414E+00  0.1205E+00
  0.996280483E+00  0.1200E+00
  0.996468822E+00  0.1194E+00
  0.996643899E+00  0.1187E+00
  0.996808041E+00  0.1178E+00
  0.996962938E+00  0.1169E+00
  0.997109896E+00  0.1158E+00
  0.997249970E+00  0.1146E+00
  0.997384038E+00  0.1132E+00
  0.997512855E+00  0.1116E+00
  0.997637082E+00  0.1099E+00
  0.997757308E+00  0.1080E+00
  0.997874073E+00  0.1059E+00
  0.997987877E+00  0.1036E+00
  0.998099195E+00  0.1011E+00
  0.998208490E+00  0.9829E-01
  0.998316227E+00  0.9522E-01
  0.998422885E+00  0.9186E-01
  0.998528976E+00  0.8817E-01
  0.998635074E+00  0.8412E-01
  0.998741850E+00  0.7965E-01
  0.998850130E+00  0.7472E-01
  0.998961005E+00  0.6924E-01
  0.999075997E+00  0.6309E-01
  0.999197300E+00  0.5610E-01
  0.999327860E+00  0.4802E-01
  0.999469618E+00  0.3867E-01
  0.999615734E+00  0.2847E-01
  0.999745460E+00  0.1905E-01
  0.999843287E+00  0.1179E-01
  0.999909411E+00  0.6830E-02
  0.999950350E+00  0.3746E-02
  0.999974430E+00  0.1930E-02
  0.100000000E+01  0.0000E+00
t= 0.100000E+02, nstep= 537, cpu=     1.2
  0.000000000E+00  0.0000E+00
  0.570766977E+00  0.5630E-01
  0.992762694E+00  0.9767E-01
  0.993783772E+00  0.9749E-01
  0.994317366E+00  0.9724E-01
  0.994696404E+00  0.9695E-01
  0.995002294E+00  0.9661E-01
  0.995266023E+00  0.9622E-01
  0.995502099E+00  0.9577E-01
  0.995718287E+00  0.9525E-01
  0.995919189E+00  0.9466E-01
  0.996107783E+00  0.9398E-01
  0.996286142E+00  0.9322E-01
  0.996455802E+00  0.9236E-01
  0.996617962E+00  0.9140E-01
  0.996773596E+00  0.9034E-01
  0.996923522E+00  0.8916E-01
  0.997068449E+00  0.8785E-01
  0.997209003E+00  0.8642E-01
  0.997345753E+00  0.8484E-01
  0.997479224E+00  0.8311E-01
  0.997609913E+00  0.8122E-01
  0.997738302E+00  0.7915E-01
  0.997864868E+00  0.7689E-01
  0.997990098E+00  0.7443E-01
  0.998114503E+00  0.7175E-01
  0.998238640E+00  0.6882E-01
  0.998363140E+00  0.6562E-01
  0.998488743E+00  0.6211E-01
  0.998616370E+00  0.5825E-01
  0.998747232E+00  0.5398E-01
  0.998883038E+00  0.4922E-01
  0.999026390E+00  0.4384E-01
  0.999181376E+00  0.3763E-01
  0.999352972E+00  0.3032E-01
  0.999537881E+00  0.2200E-01
  0.999706792E+00  0.1410E-01
  0.999829636E+00  0.8232E-02
  0.999906615E+00  0.4520E-02
  0.999951921E+00  0.2328E-02
  0.100000000E+01  0.0000E+00
