t= 0.000000E+00, nstep=   0, cpu=      .0
 -0.100000000E+01  0.1000E+01
 -0.550000000E+00  0.1000E+01
 -0.100000000E+00  0.1000E+01
 -0.810000000E-01  0.1000E+01
 -0.620000000E-01  0.1000E+01
 -0.430000000E-01  0.1000E+01
 -0.240000000E-01  0.1000E+01
 -0.500000000E-02  0.1000E+01
 -0.450000000E-02  0.9500E+00
 -0.400000000E-02  0.9000E+00
 -0.350000000E-02  0.8500E+00
 -0.300000000E-02  0.8000E+00
 -0.250000000E-02  0.7500E+00
 -0.200000000E-02  0.7000E+00
 -0.150000000E-02  0.6500E+00
 -0.100000000E-02  0.6000E+00
 -0.500000000E-03  0.5500E+00
  0.000000000E+00  0.5000E+00
  0.500000000E-03  0.4500E+00
  0.100000000E-02  0.4000E+00
  0.150000000E-02  0.3500E+00
  0.200000000E-02  0.3000E+00
  0.250000000E-02  0.2500E+00
  0.300000000E-02  0.2000E+00
  0.350000000E-02  0.1500E+00
  0.400000000E-02  0.1000E+00
  0.450000000E-02  0.5000E-01
  0.500000000E-02  0.0000E+00
  0.145000000E-01  0.0000E+00
  0.240000000E-01  0.0000E+00
  0.335000000E-01  0.0000E+00
  0.430000000E-01  0.0000E+00
  0.525000000E-01  0.0000E+00
  0.620000000E-01  0.0000E+00
  0.715000000E-01  0.0000E+00
  0.810000000E-01  0.0000E+00
  0.905000000E-01  0.0000E+00
  0.100000000E+00  0.0000E+00
  0.190000000E+00  0.0000E+00
  0.280000000E+00  0.0000E+00
  0.370000000E+00  0.0000E+00
  0.460000000E+00  0.0000E+00
  0.550000000E+00  0.0000E+00
  0.640000000E+00  0.0000E+00
  0.730000000E+00  0.0000E+00
  0.820000000E+00  0.0000E+00
  0.910000000E+00  0.0000E+00
  0.100000000E+01  0.0000E+00
t= 0.100000E-01, nstep=  22, cpu=      .1
 -0.100000000E+01  0.1000E+01
 -0.549044055E+00  0.1000E+01
 -0.980881106E-01  0.1000E+01
 -0.790477497E-01  0.1000E+01
 -0.600074238E-01  0.1000E+01
 -0.409681054E-01  0.9999E+00
 -0.219562871E-01  0.1001E+01
 -0.364699652E-02  0.9974E+00
 -0.393154776E-03  0.9510E+00
  0.916843759E-03  0.9013E+00
  0.176102151E-02  0.8513E+00
  0.240508772E-02  0.8012E+00
  0.294047243E-02  0.7511E+00
  0.340985651E-02  0.7009E+00
  0.383709640E-02  0.6508E+00
  0.423737274E-02  0.6006E+00
  0.462147684E-02  0.5505E+00
  0.499795757E-02  0.5003E+00
  0.537440179E-02  0.4502E+00
  0.575839188E-02  0.4000E+00
  0.615846185E-02  0.3499E+00
  0.658537262E-02  0.2997E+00
  0.705424610E-02  0.2496E+00
  0.758881928E-02  0.1995E+00
  0.823149664E-02  0.1494E+00
  0.907290700E-02  0.9935E-01
  0.103751998E-01  0.4964E-01
  0.135716564E-01  0.3159E-02
  0.223654985E-01  0.7004E-05
  0.317895640E-01 -0.6596E-05
  0.412137414E-01 -0.5067E-06
  0.506379208E-01 -0.1813E-07
  0.600621003E-01  0.6918E-09
  0.694862798E-01  0.1961E-09
  0.789104592E-01  0.2231E-10
  0.883346387E-01  0.1894E-11
  0.977588182E-01  0.1284E-12
  0.107182998E+00  0.2582E-14
  0.196464698E+00 -0.7265E-15
  0.285746398E+00  0.2018E-15
  0.375028098E+00 -0.5543E-16
  0.464309799E+00  0.1507E-16
  0.553591499E+00 -0.4057E-17
  0.642873199E+00  0.1083E-17
  0.732154899E+00 -0.2866E-18
  0.821436600E+00  0.7495E-19
  0.910718300E+00 -0.1831E-19
  0.100000000E+01  0.0000E+00
t= 0.200000E-01, nstep=  25, cpu=      .1
 -0.100000000E+01  0.1000E+01
 -0.546138782E+00  0.1000E+01
 -0.922775642E-01  0.1000E+01
 -0.731145434E-01  0.1000E+01
 -0.539517319E-01  0.1000E+01
 -0.347939299E-01  0.9998E+00
 -0.157502258E-01  0.1001E+01
  0.875244094E-03  0.9959E+00
  0.425451010E-02  0.9527E+00
  0.568503224E-02  0.9033E+00
  0.659192586E-02  0.8532E+00
  0.727637330E-02  0.8030E+00
  0.784153631E-02  0.7526E+00
  0.833493942E-02  0.7022E+00
  0.878281232E-02  0.6518E+00
  0.920167085E-02  0.6014E+00
  0.960315951E-02  0.5510E+00
  0.999644901E-02  0.5006E+00
  0.103896501E-01  0.4502E+00
  0.107908620E-01  0.3997E+00
  0.112092177E-01  0.3493E+00
  0.116562832E-01  0.2989E+00
  0.121484205E-01  0.2485E+00
  0.127115391E-01  0.1982E+00
  0.133924059E-01  0.1479E+00
  0.142919355E-01  0.9782E-01
  0.157012431E-01  0.4843E-01
  0.189504250E-01  0.4989E-02
  0.263155731E-01 -0.6740E-05
  0.357015239E-01 -0.6040E-05
  0.450876217E-01  0.1480E-06
  0.544737236E-01  0.6511E-07
  0.638598257E-01  0.7189E-08
  0.732459277E-01  0.5247E-09
  0.826320297E-01  0.2550E-10
  0.920181317E-01  0.2317E-12
  0.101404234E+00 -0.1251E-12
  0.110790336E+00 -0.6961E-14
  0.199711302E+00  0.1796E-14
  0.288632269E+00 -0.4623E-15
  0.377553235E+00  0.1187E-15
  0.466474201E+00 -0.3046E-16
  0.555395168E+00  0.7816E-17
  0.644316134E+00 -0.2007E-17
  0.733237101E+00  0.5160E-18
  0.822158067E+00 -0.1324E-18
  0.911079034E+00  0.3207E-19
  0.100000000E+01  0.0000E+00
t= 0.300000E-01, nstep=  26, cpu=      .1
 -0.100000000E+01  0.1000E+01
 -0.542762535E+00  0.1000E+01
 -0.855250702E-01  0.1000E+01
 -0.662195105E-01  0.1000E+01
 -0.469144651E-01  0.1000E+01
 -0.276206327E-01  0.9997E+00
 -0.856233999E-02  0.1001E+01
  0.571056636E-02  0.9948E+00
  0.904522301E-02  0.9543E+00
  0.105442574E-01  0.9054E+00
  0.114891948E-01  0.8552E+00
  0.121982698E-01  0.8048E+00
  0.127814324E-01  0.7542E+00
  0.132891354E-01  0.7036E+00
  0.137490873E-01  0.6530E+00
  0.141786552E-01  0.6023E+00
  0.145900335E-01  0.5516E+00
  0.149927927E-01  0.5009E+00
  0.153953757E-01  0.4503E+00
  0.158062028E-01  0.3996E+00
  0.162347684E-01  0.3489E+00
  0.166931095E-01  0.2983E+00
  0.171982835E-01  0.2477E+00
  0.177773554E-01  0.1971E+00
  0.184792540E-01  0.1467E+00
  0.194094253E-01  0.9652E-01
  0.208664558E-01  0.4748E-01
  0.239874694E-01  0.6518E-02
  0.296087941E-01  0.2696E-03
  0.389570332E-01  0.1500E-04
  0.483114242E-01  0.1914E-05
  0.576658383E-01  0.1793E-06
  0.670202527E-01  0.1197E-07
  0.763746670E-01  0.5194E-09
  0.857290814E-01  0.5635E-12
  0.950834957E-01 -0.2749E-11
  0.104437910E+00 -0.3518E-12
  0.113792324E+00 -0.1228E-13
  0.202413092E+00  0.3372E-14
  0.291033860E+00 -0.9170E-15
  0.379654627E+00  0.2472E-15
  0.468275395E+00 -0.6611E-16
  0.556896162E+00  0.1755E-16
  0.645516930E+00 -0.4630E-17
  0.734137697E+00  0.1213E-17
  0.822758465E+00 -0.3149E-18
  0.911379232E+00  0.7653E-19
  0.100000000E+01  0.0000E+00
t= 0.400000E-01, nstep=  27, cpu=      .1
 -0.100000000E+01  0.1000E+01
 -0.539160380E+00  0.1000E+01
 -0.783207608E-01  0.1000E+01
 -0.588631283E-01  0.1000E+01
 -0.394063798E-01  0.1000E+01
 -0.199675582E-01  0.9997E+00
 -0.881718812E-03  0.1001E+01
  0.106790662E-01  0.9939E+00
  0.139102467E-01  0.9558E+00
  0.154522132E-01  0.9073E+00
  0.164224613E-01  0.8572E+00
  0.171475216E-01  0.8066E+00
  0.177419790E-01  0.7559E+00
  0.182583711E-01  0.7050E+00
  0.187254560E-01  0.6542E+00
  0.191611931E-01  0.6033E+00
  0.195781494E-01  0.5524E+00
  0.199861574E-01  0.5015E+00
  0.203938693E-01  0.4506E+00
  0.208098991E-01  0.3997E+00
  0.212439516E-01  0.3489E+00
  0.217083297E-01  0.2980E+00
  0.222204742E-01  0.2472E+00
  0.228080663E-01  0.1964E+00
  0.235211030E-01  0.1459E+00
  0.244667321E-01  0.9572E-01
  0.259402469E-01  0.4709E-01
  0.288762502E-01  0.8146E-02
  0.329108764E-01  0.9787E-03
  0.421674394E-01  0.4921E-04
  0.514904062E-01  0.3187E-05
  0.608135727E-01  0.1500E-06
  0.701367399E-01  0.2240E-09
  0.794599072E-01 -0.8899E-09
  0.887830745E-01 -0.1210E-09
  0.981062417E-01 -0.1114E-10
  0.107429409E+00 -0.8056E-12
  0.116752576E+00 -0.2013E-13
  0.205077319E+00  0.5763E-14
  0.293402061E+00 -0.1625E-14
  0.381726803E+00  0.4518E-15
  0.470051546E+00 -0.1240E-15
  0.558376288E+00  0.3364E-16
  0.646701030E+00 -0.9021E-17
  0.735025773E+00  0.2392E-17
  0.823350515E+00 -0.6249E-18
  0.911675258E+00  0.1522E-18
  0.100000000E+01  0.0000E+00
t= 0.500000E-01, nstep=  29, cpu=      .1
 -0.100000000E+01  0.1000E+01
 -0.535482873E+00  0.1000E+01
 -0.709657466E-01  0.1000E+01
 -0.513528645E-01  0.1000E+01
 -0.317412786E-01  0.1000E+01
 -0.121537983E-01  0.9997E+00
  0.700074730E-02  0.1001E+01
  0.157538073E-01  0.9931E+00
  0.188316033E-01  0.9570E+00
  0.203932618E-01  0.9090E+00
  0.213788109E-01  0.8589E+00
  0.221137720E-01  0.8083E+00
  0.227151474E-01  0.7574E+00
  0.232367525E-01  0.7064E+00
  0.237080176E-01  0.6554E+00
  0.241472860E-01  0.6043E+00
  0.245673641E-01  0.5533E+00
  0.249782491E-01  0.5022E+00
  0.253887202E-01  0.4511E+00
  0.258075032E-01  0.4000E+00
  0.262444178E-01  0.3490E+00
  0.267119035E-01  0.2979E+00
  0.272275834E-01  0.2470E+00
  0.278193977E-01  0.1961E+00
  0.285376663E-01  0.1454E+00
  0.294893025E-01  0.9530E-01
  0.309594991E-01  0.4709E-01
  0.337004257E-01  0.9801E-02
  0.366980557E-01  0.1965E-02
  0.457049873E-01  0.5133E-04
  0.549933839E-01  0.7508E-07
  0.642821184E-01 -0.2317E-06
  0.735708539E-01 -0.3073E-07
  0.828595894E-01 -0.2658E-08
  0.921483249E-01 -0.1687E-09
  0.101437060E+00 -0.6832E-11
  0.110725796E+00  0.6871E-13
  0.120014531E+00  0.1457E-13
  0.208013078E+00 -0.3254E-14
  0.296011625E+00  0.7066E-15
  0.384010172E+00 -0.1488E-15
  0.472008719E+00  0.3036E-16
  0.560007266E+00 -0.6015E-17
  0.648005813E+00  0.1171E-17
  0.736004359E+00 -0.2319E-18
  0.824002906E+00  0.4957E-19
  0.912001453E+00 -0.1138E-19
  0.100000000E+01  0.0000E+00
t= 0.100000E+00, nstep=  35, cpu=      .1
 -0.100000000E+01  0.1000E+01
 -0.520191426E+00  0.1000E+01
 -0.403828556E-01  0.1000E+01
 -0.201244872E-01  0.1000E+01
  0.130454294E-03  0.9999E+00
  0.203100868E-01  0.1001E+01
  0.387845739E-01  0.9973E+00
  0.415445707E-01  0.9876E+00
  0.438410117E-01  0.9573E+00
  0.453369644E-01  0.9119E+00
  0.463291533E-01  0.8624E+00
  0.470748213E-01  0.8117E+00
  0.476851697E-01  0.7605E+00
  0.482140016E-01  0.7091E+00
  0.486912517E-01  0.6575E+00
  0.491356923E-01  0.6059E+00
  0.495604538E-01  0.5543E+00
  0.499757880E-01  0.5026E+00
  0.503906951E-01  0.4510E+00
  0.508141195E-01  0.3993E+00
  0.512561272E-01  0.3477E+00
  0.517294642E-01  0.2962E+00
  0.522521523E-01  0.2447E+00
  0.528525875E-01  0.1935E+00
  0.535810659E-01  0.1427E+00
  0.545394865E-01  0.9312E-01
  0.559579562E-01  0.4717E-01
  0.581049216E-01  0.1509E-01
  0.600323671E-01  0.5453E-02
  0.645993173E-01  0.2975E-03
  0.736966261E-01  0.2879E-04
  0.828014633E-01  0.2045E-05
  0.919063595E-01  0.1643E-07
  0.101011256E+00 -0.1002E-07
  0.110116153E+00 -0.1213E-08
  0.119221050E+00 -0.8476E-10
  0.128325946E+00 -0.3250E-11
  0.137430843E+00  0.1041E-13
  0.223687759E+00  0.2044E-14
  0.309944674E+00 -0.1801E-14
  0.396201590E+00  0.7943E-15
  0.482458506E+00 -0.2864E-15
  0.568715421E+00  0.9297E-16
  0.654972337E+00 -0.2814E-16
  0.741229253E+00  0.8067E-17
  0.827486169E+00 -0.2201E-17
  0.913743084E+00  0.5445E-18
  0.100000000E+01  0.0000E+00
t= 0.200000E+00, nstep=  43, cpu=      .1
 -0.100000000E+01  0.1000E+01
 -0.488076679E+00  0.1000E+01
  0.238464013E-01  0.1000E+01
  0.454442390E-01  0.1000E+01
  0.668803951E-01  0.9998E+00
  0.870246547E-01  0.9995E+00
  0.904089216E-01  0.9932E+00
  0.921417860E-01  0.9826E+00
  0.938597522E-01  0.9571E+00
  0.952363155E-01  0.9161E+00
  0.962305195E-01  0.8682E+00
  0.969919668E-01  0.8178E+00
  0.976168152E-01  0.7663E+00
  0.981574713E-01  0.7144E+00
  0.986443635E-01  0.6622E+00
  0.990968821E-01  0.6098E+00
  0.995286548E-01  0.5573E+00
  0.999503148E-01  0.5049E+00
  0.100371165E+00  0.4524E+00
  0.100800402E+00  0.3999E+00
  0.101248311E+00  0.3476E+00
  0.101727806E+00  0.2953E+00
  0.102256903E+00  0.2433E+00
  0.102863309E+00  0.1918E+00
  0.103593664E+00  0.1412E+00
  0.104531441E+00  0.9283E-01
  0.105805785E+00  0.5053E-01
  0.107381670E+00  0.2275E-01
  0.108723435E+00  0.1146E-01
  0.110347080E+00  0.4909E-02
  0.114086282E+00  0.5113E-03
  0.122763345E+00  0.4845E-04
  0.131471117E+00 -0.4177E-05
  0.140179320E+00 -0.3667E-06
  0.148887525E+00  0.5563E-08
  0.157595730E+00  0.2643E-08
  0.166303936E+00  0.1645E-09
  0.175012141E+00  0.4999E-13
  0.257510927E+00 -0.2327E-12
  0.340009713E+00  0.1201E-12
  0.422508499E+00 -0.4653E-13
  0.505007284E+00  0.1581E-13
  0.587506070E+00 -0.4957E-14
  0.670004856E+00  0.1466E-14
  0.752503642E+00 -0.4142E-15
  0.835002428E+00  0.1121E-15
  0.917501214E+00 -0.2763E-16
  0.100000000E+01  0.0000E+00
t= 0.300000E+00, nstep=  50, cpu=      .1
 -0.100000000E+01  0.1000E+01
 -0.458145481E+00  0.1000E+01
  0.837084230E-01  0.1000E+01
  0.106469592E+00  0.9994E+00
  0.127898650E+00  0.1002E+01
  0.138830487E+00  0.9968E+00
  0.140871294E+00  0.9904E+00
  0.142390501E+00  0.9790E+00
  0.143880622E+00  0.9557E+00
  0.145164736E+00  0.9179E+00
  0.146151077E+00  0.8717E+00
  0.146922274E+00  0.8218E+00
  0.147558260E+00  0.7704E+00
  0.148108644E+00  0.7182E+00
  0.148603720E+00  0.6655E+00
  0.149063198E+00  0.6126E+00
  0.149501045E+00  0.5596E+00
  0.149928173E+00  0.5066E+00
  0.150354107E+00  0.4535E+00
  0.150788218E+00  0.4005E+00
  0.151240909E+00  0.3476E+00
  0.151725105E+00  0.2949E+00
  0.152258546E+00  0.2426E+00
  0.152867725E+00  0.1910E+00
  0.153594698E+00  0.1408E+00
  0.154505077E+00  0.9381E-01
  0.155664922E+00  0.5417E-01
  0.156974632E+00  0.2832E-01
  0.158094497E+00  0.1615E-01
  0.159289709E+00  0.8780E-02
  0.160887511E+00  0.3796E-02
  0.165308387E+00  0.1047E-03
  0.173571218E+00  0.6347E-04
  0.181856725E+00 -0.2760E-05
  0.190142821E+00 -0.7559E-06
  0.198428920E+00  0.2882E-07
  0.206715019E+00  0.5969E-08
  0.215001118E+00  0.8986E-10
  0.293501007E+00 -0.3492E-10
  0.372000895E+00  0.1229E-10
  0.450500783E+00 -0.4042E-11
  0.529000671E+00  0.1262E-11
  0.607500559E+00 -0.3771E-12
  0.686000447E+00  0.1085E-12
  0.764500336E+00 -0.3015E-13
  0.843000224E+00  0.8081E-14
  0.921500112E+00 -0.1983E-14
  0.100000000E+01  0.0000E+00
t= 0.400000E+00, nstep=  55, cpu=      .1
 -0.100000000E+01  0.1000E+01
 -0.428502853E+00  0.1000E+01
  0.142990234E+00  0.1000E+01
  0.166788416E+00  0.1000E+01
  0.187622582E+00  0.9980E+00
  0.190096032E+00  0.9932E+00
  0.191517767E+00  0.9862E+00
  0.192764370E+00  0.9745E+00
  0.194033389E+00  0.9524E+00
  0.195198165E+00  0.9170E+00
  0.196147621E+00  0.8725E+00
  0.196911014E+00  0.8235E+00
  0.197547368E+00  0.7723E+00
  0.198100268E+00  0.7200E+00
  0.198598291E+00  0.6672E+00
  0.199060670E+00  0.6140E+00
  0.199501264E+00  0.5607E+00
  0.199930993E+00  0.5073E+00
  0.200359419E+00  0.4539E+00
  0.200795938E+00  0.4005E+00
  0.201250929E+00  0.3474E+00
  0.201737160E+00  0.2944E+00
  0.202271850E+00  0.2420E+00
  0.202879900E+00  0.1906E+00
  0.203598363E+00  0.1410E+00
  0.204476928E+00  0.9534E-01
  0.205542337E+00  0.5778E-01
  0.206684647E+00  0.3307E-01
  0.207667522E+00  0.2034E-01
  0.208664591E+00  0.1235E-01
  0.209817550E+00  0.6898E-02
  0.211571318E+00  0.2772E-02
  0.217242798E+00 -0.1809E-03
  0.225081089E+00  0.3233E-04
  0.232929234E+00  0.3145E-05
  0.240777558E+00 -0.6248E-06
  0.248625886E+00 -0.3859E-07
  0.256474214E+00  0.3188E-08
  0.330826793E+00 -0.8926E-09
  0.405179371E+00  0.2383E-09
  0.479531950E+00 -0.6082E-10
  0.553884528E+00  0.1488E-10
  0.628237107E+00 -0.3514E-11
  0.702589686E+00  0.8089E-12
  0.776942264E+00 -0.1850E-12
  0.851294843E+00  0.4306E-13
  0.925647421E+00 -0.9880E-14
  0.100000000E+01  0.0000E+00
t= 0.500000E+00, nstep=  61, cpu=      .1
 -0.100000000E+01  0.1000E+01
 -0.398208929E+00  0.1000E+01
  0.203565731E+00  0.9999E+00
  0.227240968E+00  0.1002E+01
  0.238422376E+00  0.9976E+00
  0.240330406E+00  0.9928E+00
  0.241667148E+00  0.9854E+00
  0.242852738E+00  0.9733E+00
  0.244037637E+00  0.9520E+00
  0.245144342E+00  0.9185E+00
  0.246077322E+00  0.8754E+00
  0.246842100E+00  0.8270E+00
  0.247484292E+00  0.7760E+00
  0.248043396E+00  0.7237E+00
  0.248547016E+00  0.6706E+00
  0.249014268E+00  0.6171E+00
  0.249459110E+00  0.5633E+00
  0.249892591E+00  0.5095E+00
  0.250324377E+00  0.4557E+00
  0.250763922E+00  0.4019E+00
  0.251221580E+00  0.3483E+00
  0.251709924E+00  0.2951E+00
  0.252245558E+00  0.2426E+00
  0.252851643E+00  0.1912E+00
  0.253560277E+00  0.1421E+00
  0.254407690E+00  0.9752E-01
  0.255396093E+00  0.6145E-01
  0.256420385E+00  0.3745E-01
  0.257305384E+00  0.2426E-01
  0.258177066E+00  0.1576E-01
  0.259117710E+00  0.9858E-02
  0.260299446E+00  0.5444E-02
  0.262392321E+00  0.1849E-02
  0.269061459E+00 -0.1226E-03
  0.276461699E+00 -0.9330E-05
  0.283864551E+00  0.2989E-05
  0.291267473E+00  0.1858E-06
  0.298670397E+00 -0.2471E-07
  0.368803357E+00  0.6564E-08
  0.438936318E+00 -0.1514E-08
  0.509069278E+00  0.2777E-09
  0.579202238E+00 -0.2643E-10
  0.649335198E+00 -0.7749E-11
  0.719468159E+00  0.5959E-11
  0.789601119E+00 -0.2435E-11
  0.859734079E+00  0.7816E-12
  0.929867040E+00 -0.2037E-12
  0.100000000E+01  0.0000E+00
